probIn scale
0.4498981 7.926396
0.3612647 7.835353
0.329914 7.415503
0.3369093 7.37825
0.3349891 7.086822
0.2873341 6.85099
0.3018397 6.842859
0.284864 6.585293
0.2994746 6.67722
0.3028941 6.215701
0.3383953 6.432432
0.3841817 6.556437
0.3907459 6.226859
0.402024 5.871036
0.4430231 6.054762
0.4105069 6.16209
0.3959588 5.979962
0.3769827 6.370681
0.3698051 6.195054
0.3464904 6.058069
0.3736092 6.308747
0.38323 5.986557
0.3829931 5.903022
0.3769481 6.078243
0.3436308 5.869161
0.3700075 6.013482
0.3931276 6.223258
0.3784309 6.2862
0.3793632 6.163046
0.3911624 6.412969
0.3700335 6.40192
0.3836179 6.480724
0.3864114 6.495749
0.3812003 6.697961
0.3839179 6.851668
0.4217461 6.693457
0.4157878 6.659064
0.3768523 6.884448
0.4274298 6.889407
0.4484296 6.847851
0.4870508 7.049116
0.4523794 6.813674
0.465742 6.923785
0.4579112 6.680831
0.4578455 6.320979
0.4682319 6.062765
0.4335532 6.113485
0.4627625 6.145811
0.4272271 6.873928
0.4264535 6.540506
0.4030379 6.947851
0.3977869 7.02486
0.4374602 7.254351
0.3912225 7.328334
0.3250202 7.316243
0.3283469 7.18407
0.3859347 7.189101
0.3414253 7.454204
0.2957926 7.357011
0.3268783 7.237059
0.3322469 7.276222
0.3223625 7.392339
0.3040806 7.568232
0.315048 7.777311
0.3288646 7.781008
0.3122256 7.768033
0.3279833 7.460589
0.3495457 7.099226
0.313297 7.429585
0.3387228 7.251406
0.3519918 7.077281
0.3569868 6.79399
0.4145947 6.974915
0.391914 7.154788
0.3888396 7.147109
0.3817001 7.132973
0.3837422 7.202938
0.3365441 7.082329
0.3733468 7.036087
0.3350074 6.992399
0.2866398 6.739997
0.2395378 7.083416
0.2668112 7.27181
0.3077783 7.471891
0.3195937 7.198789
0.3382492 7.313083
0.3094317 7.459507
0.3663367 7.735848
0.3797055 7.293814
0.3538914 7.193215
0.3565941 7.103137
0.34535 6.668871
0.3570965 6.346526
0.3666319 6.027235
0.380602 5.810332
0.3853933 5.6542
0.3764046 5.796504
0.3770994 5.724589
0.3386875 5.897391
0.3712256 5.970209
0.3865748 5.907943
0.3782628 5.799052
0.3466148 5.643906
0.3459549 5.539976
0.3377121 5.832382
0.3589581 5.93748
0.3645728 5.839279
0.3290927 6.116486
0.2983993 6.503254
0.2793591 6.618458
0.2754903 6.275593
0.3165203 6.202828
0.3411466 5.914569
0.322405 6.090363
0.2918246 6.073601
0.3019596 5.905676
0.2923209 5.72973
0.2998559 5.690999
0.2827233 6.151548
0.3033959 6.307754
0.3097594 6.026892
0.3306134 5.620549
0.3712011 5.174836
0.3475119 5.113818
0.3587068 5.267712
0.3605526 5.356364
0.4131362 5.508085
0.4317901 5.406207
0.4162219 5.251575
0.4276543 5.115542
0.4625801 5.078988
0.4327796 5.065839
0.4176517 5.075789
0.4276064 5.169717
0.4862845 4.982913
0.4419345 5.153361
0.45789 5.304396
0.4442801 5.477803
0.4446223 5.420729
0.4288482 5.55019
0.3892493 5.615741
0.3657938 5.922688
0.3979819 5.931031
0.395023 5.833939
0.4273226 5.75381
0.3966693 6.023872
0.4207952 5.847327
0.4121228 5.604708
0.3995356 5.858422
0.376953 5.96156
0.4047124 6.000342
0.4398697 5.868211
0.3993368 5.953943
0.3914002 5.751052
0.3394206 5.623782
0.3079744 5.378559
0.2798141 5.627293
0.2739827 5.567638
0.316304 5.46742
0.2984143 5.477623
0.3308299 5.604252
0.3574064 5.958532
0.3692327 5.890789
0.3951324 5.717253
0.4045755 5.638348
0.4213147 5.629655
0.3836939 5.719242
0.4219596 5.766326
0.4528165 5.184311
0.4216179 5.313475
0.4167844 5.506787
0.4191104 5.276142
0.4043899 5.374361
0.4355494 5.556804
0.4121714 5.575983
0.4928631 5.214518
0.4906753 5.427573
0.5034881 5.565107
0.5188329 5.30037
0.5055628 5.613781
0.5707298 6.124449
0.5563404 6.194827
0.6040733 6.111163
0.5365343 6.119514
0.5874497 6.174795
0.5828508 6.234912
0.5799488 6.088953
0.61454 6.104116
0.5944752 6.221553
0.60999 5.833796
0.5989038 5.875753
0.6417963 5.518643
0.6170453 5.484727
0.6725161 5.755665
0.681715 5.701956
0.6772365 5.9721
0.6449712 6.202281
0.6697873 6.109339
0.6764436 6.22563
0.663331 5.89876
0.6713839 5.810354
0.6366713 5.733079
0.6009989 5.388044
0.5682882 5.383951
0.567277 5.035691
0.5372323 5.33642
0.5396851 5.064831
0.517249 5.045538
0.5386866 4.918318
0.5626176 4.870252
0.5353135 4.679444
0.5182483 4.964773
0.4901042 5.039136
0.4707833 5.009581
0.4437022 4.844597
0.4298219 4.697491
0.4129435 4.82925
0.4030818 5.004412
0.4115576 5.069149
0.4130894 4.813036
0.3564548 5.150616
0.355243 4.965357
0.3459004 5.111362
0.3408396 5.349156
0.3723575 5.222246
0.357826 5.221323
0.3840623 5.582701
0.3823879 5.352342
0.3511055 5.474818
0.3447822 5.386983
0.3389983 5.2941
0.3336221 5.134335
0.3050808 5.518745
0.309831 5.482874
0.3139519 5.554275
0.3018385 5.668833
0.3360391 5.941903
0.3095231 6.176143
0.3412879 6.070895
0.3316752 6.116695
0.3815059 6.037104
0.4198692 6.151569
0.3806461 6.39177
0.3698512 6.481748
0.3249893 6.48897
0.3511594 6.000147
0.3923632 5.96186
0.4010177 5.986836
0.3826856 5.833875
0.4102977 5.864684
0.4603806 5.522116
0.4717329 5.469035
0.4298519 5.574501
0.441384 5.496579
0.4564131 5.132392
0.468544 5.203345
0.4475479 4.997567
0.4324142 5.062691
0.4326343 5.047125
0.4548408 4.883513
0.4252497 4.949437
0.3911256 4.989195
0.4331523 4.947469
0.3912486 5.172288
0.3972688 5.336692
0.4225083 5.135233
0.4078818 5.064551
0.435136 5.036668
0.42523 4.982965
0.4264658 5.045936
0.4526855 4.762836
0.4463225 5.042971
0.4656277 4.834901
0.4653021 4.833987
0.4512844 5.034668
0.4975779 4.93016
0.4987211 5.153741
0.5053165 5.164356
0.4898244 5.111628
0.5152575 5.13264
0.4960374 5.125607
0.4712214 5.365461
0.4673464 5.269993
0.4259394 4.860604
0.3878099 5.01317
0.3971351 5.154393
0.4234078 5.148342
0.4289748 4.920332
0.4653801 4.919661
0.4217229 5.022296
0.4152647 5.247487
0.3934572 5.291471
0.4361615 5.307137
0.3951341 5.123602
0.3924657 5.179946
0.3816888 5.189223
0.3423759 5.392925
0.3376799 5.645311
0.2850086 5.583109
0.2702692 5.792094
0.254199 5.808443
0.2588468 6.22488
0.2957595 6.494512
0.3026153 6.299436
0.262349 6.120868
0.288915 5.871906
0.2658227 5.538241
0.2878947 5.566263
0.3394007 5.770659
0.3104681 5.846003
0.2809658 5.908061
0.2770284 6.018162
0.270634 5.910131
0.2757003 5.979833
0.2832821 5.764055
0.2991788 5.670016
0.2696834 5.829051
0.3311642 5.843274
0.3082966 6.049268
0.3153147 6.123019
0.333866 6.215514
0.3378376 6.259565
0.3368427 6.644208
0.3397929 6.559137
0.3475932 6.523302
0.3288997 6.630449
0.3241111 6.20077
0.3715695 6.144003
0.3681101 6.161313
0.3754019 5.974939
0.381462 6.26106
0.4049674 6.197435
0.4165488 5.882888
0.4151274 5.961258
0.4060913 5.862134
0.4001861 6.153667
0.4178251 5.858477
0.3649063 5.379041
0.3760419 5.14209
0.3927967 5.153354
0.4379109 4.837384
0.4063385 4.702182
0.3871512 4.861091
0.4018246 4.825171
0.3551555 4.574804
0.313102 4.873406
0.32908 4.751613
0.3128295 4.762092
0.2665702 4.651505
0.2586472 4.940496
0.2491683 4.922038
0.2949275 4.993525
0.2989263 4.874887
0.2825894 4.862516
0.2588223 4.989904
0.2698039 5.312043
0.2453976 5.168874
0.2556351 5.52395
0.2557924 5.549107
0.259933 5.799685
0.241569 5.502273
0.2069698 5.230616
0.2023934 5.149643
0.2294641 4.874451
0.2490668 4.768114
0.2329857 4.779381
0.2417253 4.550129
0.2258641 4.691724
0.2551704 4.42768
0.2415697 4.321973
0.2401629 4.186892
0.2088824 4.288408
0.1902778 4.285631
0.2156484 4.310391
0.2248913 4.158109
0.2494224 4.169937
0.2677643 4.282624
0.271869 4.130189
0.2733493 4.153657
0.2784955 4.301131
0.2635942 4.179122
0.2594425 4.081347
0.2944232 4.022067
0.283025 4.151665
0.2571473 3.930673
0.289046 4.104153
0.2818492 4.139676
0.3321378 4.158817
0.3388884 4.248715
0.3398494 4.275189
0.301209 4.316618
0.2543275 4.407964
0.2886935 4.440967
0.2553147 4.363882
0.2434526 4.253166
0.2607983 4.294126
0.2842056 4.153964
0.3303555 4.129698
0.3090677 4.38669
0.3443281 4.524415
0.3889614 4.591636
0.3622239 4.380758
0.3879712 4.599547
0.3846656 4.287388
0.4238555 4.204266
0.4331553 4.148381
0.4701802 4.041149
0.4273369 4.096828
0.4032862 4.090697
0.3950777 4.149076
0.3523224 4.176463
0.3555622 4.110309
0.379042 4.367591
0.393326 4.474651
0.3684301 4.677032
0.3374537 4.532424
0.3342849 4.823856
0.3656546 4.682876
0.4006396 4.590075
0.3957166 4.496289
0.4284452 4.381889
0.4817659 4.535222
0.4777512 4.529945
0.4971619 4.315884
0.4847897 4.603507
0.4309065 4.750087
0.3964069 4.801972
0.3737673 4.948723
0.3585608 4.863787
0.3975781 5.018051
0.4285425 5.171004
0.4387518 5.440283
0.4063599 5.272883
0.4178868 5.520823
0.4102289 5.248404
0.3819224 5.337107
0.3723802 5.239474
0.3750367 5.501676
0.391968 5.511001
0.3615858 5.623274
0.3252554 5.689612
0.3242793 5.970529
0.2929114 5.835557
0.2900124 5.837937
0.3353568 6.171882
0.2992036 5.953334
0.2989959 5.873825
0.3290491 6.037048
0.3116053 6.430191
0.2980084 6.631153
0.2949549 6.152846
0.2886936 6.416187
0.3079864 6.77063
0.2878481 6.712703
0.2681643 6.973059
0.2266752 6.592918
0.2609809 6.761994
0.2595129 6.705471
0.2827657 7.0791
0.2821944 6.963892
0.2899388 6.981654
0.2608147 7.125793
0.2473334 7.104086
0.2491909 7.532248
0.1953995 7.52228
0.2400281 7.308914
0.2191396 7.047992
0.2128545 7.433972
0.168383 7.50337
0.1506018 7.418608
0.1310699 7.881619
0.1218496 8.179973
0.1318678 7.973158
0.1787177 7.865173
0.222895 8.143067
0.1969568 8.148016
0.1850754 8.304545
0.2096545 8.292957
0.2385334 7.704603
0.250502 7.371671
0.2721144 7.275463
0.2649294 7.641969
0.2684514 8.020588
0.2376449 8.256741
0.2390984 8.36267
0.2714234 8.409149
0.2712862 8.305833
0.2626134 8.518339
0.2432297 8.680419
0.2420941 8.397988
0.2495023 8.726135
0.2590329 9.051891
0.2897709 9.235071
0.2842184 9.33427
0.2642177 10.14771
0.2660762 9.931498
0.2582325 10.54214
0.2739417 11.18604
0.2763532 11.27268
0.2838772 10.93565
0.2883467 11.02403
0.2663675 11.02188
0.244655 10.72886
0.2446107 10.53102
0.2577987 10.2527
0.2679342 9.992503
0.235576 10.20977
0.2309415 10.01966
0.2682443 10.76515
0.2990445 10.41027
0.2712034 10.14449
0.2400234 10.2286
0.2541157 9.770311
0.2522624 9.851361
0.2455671 9.673989
0.2243693 9.447307
0.2033111 9.655181
0.1830101 9.175342
0.1919991 9.212076
0.188777 8.708468
0.1903261 9.069852
0.2261248 9.623142
0.2464449 10.22511
0.2736076 10.08181
0.2194663 10.81093
0.214539 10.84397
0.2207988 10.35378
0.2282331 10.83467
0.1761088 10.28601
0.1609575 10.33837
0.1922376 10.53773
0.2062908 10.50518
0.2122566 10.44635
0.2385765 10.89275
0.2668697 11.57727
0.2320228 11.63489
0.1967255 12.47628
0.159627 12.05744
0.1527931 11.74346
0.1365439 11.53936
0.1514139 11.00531
0.1882437 10.58543
0.1885918 9.955777
0.1835417 9.560141
0.1779866 8.999535
0.1510312 8.520903
0.1658515 8.708378
0.1493386 9.0812
0.1457468 9.688828
0.1602011 9.725196
0.1442898 9.658694
0.178985 9.785398
0.166829 10.15806
0.1537313 10.34523
0.1886563 10.00565
0.2352033 10.53513
0.2258186 11.0223
0.2251167 11.09579
0.2257844 11.09693
0.2368173 11.6204
0.2310238 11.96153
0.2068847 11.85446
0.2132178 11.81481
0.2085215 11.51497
0.2342951 12.43041
0.2683437 12.13391
0.2743381 12.22228
0.2454107 11.99755
0.2273897 12.41198
0.2380548 11.94519
0.2297762 11.63736
0.2244863 12.52879
0.2148188 13.25484
0.2222068 13.15905
0.2454098 13.22922
0.2365956 12.94829
0.2201769 13.29647
0.2453638 13.40576
0.2588372 13.72841
0.2754921 13.37985
0.2955824 12.91871
0.2621331 13.04404
0.2576345 12.97131
0.2737423 13.05537
0.2778117 13.52748
0.25075 13.23339
0.2448462 12.99176
0.2574886 12.78815
0.2438012 12.68259
0.2690093 12.09248
0.2402883 12.00839
0.2837657 11.83621
0.2472047 11.19381
0.2664867 11.23552
0.2594563 11.43936
0.2424687 11.11904
0.2213747 11.52269
0.2248897 11.43037
0.2013257 12.12905
0.2082568 11.61657
0.1969574 11.72293
0.1699624 12.09327
0.155324 12.22217
0.1412762 11.95591
0.154203 12.15716
0.1956702 12.74145
0.1840094 12.33679
0.2027189 12.17881
0.2071321 12.42907
0.1880891 11.65154
0.1748051 11.41008
0.157224 11.64656
0.1427803 12.11128
0.1318026 12.14474
0.1862776 11.91799
0.1684662 11.98148
0.1508582 12.02948
0.1376615 12.84423
0.1310245 12.41654
0.1124292 12.25645
0.1149926 12.51062
0.122657 12.247
0.1266732 12.97808
0.1517075 13.0604
0.1542135 12.91719
0.1457171 12.57573
0.1712055 12.31085
0.1867925 12.336
0.2009256 12.34718
0.2037216 12.74147
0.1901957 12.22689
0.2026099 12.27731
0.2305196 12.32186
0.2107625 11.46835
0.2272139 11.46411
0.2238541 11.58094
0.2233837 11.94657
0.2224761 12.28963
0.197487 12.03079
0.167811 12.23305
0.1511893 11.93196
0.190443 12.49347
0.1870522 13.01447
0.172493 13.92158
0.2018364 13.73942
0.1833367 14.05554
0.1926447 15.22848
0.1761514 15.64927
0.1992113 15.23261
0.188361 14.93655
0.2057064 14.86397
0.2291194 15.21851
0.2072231 15.08317
0.2207309 15.61779
0.1913415 15.13881
0.1740299 14.61042
0.189036 15.07763
0.1843001 15.32527
0.198409 15.05385
0.1582923 15.28727
0.1659714 15.32134
0.1446932 16.13034
0.1590778 15.86192
0.1684255 15.18818
0.1905145 15.36872
0.199463 15.44921
0.2028045 15.37961
0.219756 15.04494
0.1902705 15.50424
0.1798114 16.27297
0.195522 16.3968
0.1875409 17.2788
0.1828853 16.97864
0.1733257 16.56806
0.1944852 16.66243
0.1937343 16.15412
0.1612885 15.7309
0.1655098 15.46771
0.1850513 15.09195
0.1755478 15.14993
0.1943139 14.9891
0.1511614 15.03758
0.1767866 14.22317
0.1757021 14.32921
0.2114323 14.5097
0.2404421 15.87264
0.227946 14.87819
0.2226604 14.91701
0.226862 14.82439
0.2238003 14.8625
0.2074906 14.3011
0.1638113 14.62165
0.1491179 14.81339
0.1564807 16.15747
0.149841 16.26261
0.188442 16.2421
0.2059243 15.45345
0.2023958 15.0814
0.2291601 15.04628
0.2471762 15.10529
0.2637584 14.81847
0.2598539 15.1426
0.2568089 14.96748
0.240287 15.15477
0.225811 14.82844
0.2212709 14.62391
0.2425094 14.23532
0.2579995 14.37564
0.2566968 14.35964
0.2574381 14.3265
0.2252057 14.29504
0.2044826 13.42255
0.2176704 13.95657
0.1798247 13.93751
0.168755 13.44004
0.1634057 13.02598
0.1342697 12.66354
0.1449877 12.66143
0.1433159 12.23346
0.1610461 11.91077
0.1933888 11.68537
0.149833 11.65234
0.1836523 12.14337
0.2060205 11.92775
0.1798606 11.87859
0.2005157 11.63936
0.2432693 10.97468
0.2273651 11.09707
0.213893 11.15238
0.228358 10.43515
0.2076164 10.50109
0.2112144 10.97484
0.2028086 11.25462
0.1626311 11.35583
0.19474 11.69741
0.2069303 11.84117
0.2373435 12.45533
0.2085298 11.84017
0.2072275 12.11914
0.2316725 11.51019
0.2448944 11.45657
0.2496969 11.36615
0.2711923 11.62884
0.2191266 11.24369
0.1646663 11.19454
0.1713408 10.94314
0.1514486 10.90613
0.1427041 10.46398
0.1475995 10.44044
0.1315969 10.42122
0.126973 10.10748
0.1299477 9.880933
0.1691238 9.491872
0.2153757 9.596554
0.1941608 9.290282
0.1806292 9.463288
0.1890416 9.800785
0.1838497 9.399559
0.1908007 9.571346
0.203678 9.359888
0.2191699 10.19828
0.2660714 10.2295
0.2676662 10.37824
0.2465952 10.31749
0.2600829 10.90495
0.2480396 10.79638
0.2566532 10.81852
0.2885229 10.66043
0.2604007 10.5262
0.2745275 10.46402
0.2640062 10.00506
0.2520553 10.2155
0.2528444 10.44876
0.2815968 10.22953
0.2607258 10.64144
0.2562758 10.57802
0.259983 9.803672
0.2552768 9.86434
0.2902755 9.583065
0.2827043 9.650708
0.2680578 9.39941
0.2619161 9.416733
0.2555797 9.188195
0.2325115 8.891151
0.243295 8.701646
0.258558 8.759116
0.2673693 9.025697
0.2686519 8.810162
0.3281385 9.041193
0.3361035 9.177073
0.3060293 9.574808
0.2958952 8.972334
0.3056109 8.686567
0.3160101 8.796167
0.3025154 9.545855
0.3459776 8.848338
0.322451 9.345711
0.3179429 9.944813
0.2875258 9.514035
0.2794257 9.71832
0.3122113 9.298718
0.2855407 9.107278
0.2773616 9.100262
0.2539508 9.547006
0.2637038 9.59725
0.2881493 9.92864
0.278294 10.18321
0.3008871 10.5346
0.2919277 10.46828
0.300039 10.40927
0.25046 10.02739
0.2694911 9.737704
0.2671544 9.841194
0.2951542 10.17674
0.3088192 11.00558
0.3042674 10.65627
0.2923286 10.63579
0.2748632 10.26895
0.2834979 10.36132
0.2861115 10.57216
0.3088002 10.24822
0.3382106 10.26129
0.3425039 9.758072
0.3069787 9.636557
0.3078314 9.856413
0.3071593 10.45745
0.3357407 10.11345
0.3528763 9.841253
0.3110942 10.02983
0.3232248 10.03559
0.3343375 9.743631
0.334627 10.33324
0.3551157 10.25676
0.315355 9.88108
0.3229897 9.799365
0.3463228 9.334253
0.3520462 9.462722
0.3753498 9.570443
0.3754892 9.650574
0.3328155 9.737038
0.3121088 9.917197
0.3758734 9.12966
0.3716341 8.979709
0.3581804 8.941524
0.342154 8.588111
0.2830094 8.692154
0.3315362 8.80773
0.3363992 8.422395
0.3468104 7.764255
0.3831774 7.659754
0.4061425 7.70751
0.4196967 7.9236
0.4259331 7.885271
0.4651021 7.892266
0.4279929 8.538108
0.4175212 8.504936
0.3957848 8.67366
0.3864582 8.546936
0.3745368 8.242302
0.351691 7.452277
0.3252429 7.923702
0.3426753 7.143859
0.3308451 7.147572
0.3610145 6.810391
0.4063549 6.670242
0.4473346 6.652008
0.4333524 6.55341
0.4198604 6.399619
0.4114826 6.551123
0.3772814 6.603333
0.39183 6.694564
0.3842842 6.714598
0.3721098 6.504277
0.3688429 6.336486
0.3848278 6.079084
0.4182308 5.918223
0.4122542 5.55137
0.3877753 5.858567
0.4132299 5.838078
0.3992202 5.910248
0.3905866 5.980017
0.4171209 5.986452
0.3998068 6.029705
0.4223278 6.295737
0.4141755 6.176212
0.4086216 5.89148
0.4125631 5.595113
0.3896093 5.735066
0.3813856 5.929353
0.3753234 6.124855
0.3952295 6.149976
0.4304866 6.251654
0.4306161 5.914512
0.420042 6.059918
0.4386892 5.942043
0.4036779 6.182471
0.3531001 6.080491
0.3311393 6.454021
0.3084577 6.215258
0.2730258 6.259126
0.312497 5.745105
0.3392658 5.935488
0.3245321 5.72356
0.3416777 5.997869
0.3694132 6.067511
0.3407879 5.965038
0.3129131 5.963598
0.3101948 5.819937
0.3056022 5.341525
0.296159 5.369998
0.2616454 5.693759
0.2817693 5.708878
0.3372373 5.418591
0.3393644 5.234514
0.3186514 4.891418
0.3079431 5.094382
0.3676376 4.954401
0.3772381 4.692712
0.3934099 4.744175
0.4195034 4.946784
0.4330208 4.823673
0.4097604 4.862256
0.4150533 5.023671
0.4136025 4.910523
0.3907999 4.747985
0.3702215 4.866011
0.3436841 4.852192
0.3597401 4.659917
0.3955686 4.442183
0.383147 4.560754
0.3998599 4.712518
0.4047043 4.632028
0.446415 4.471046
0.421152 4.57272
0.4030871 4.681381
0.3930414 4.665829
0.4052579 4.640586
0.3845182 4.910898
0.4496392 4.545537
0.435216 4.811667
0.4300999 4.723026
0.3993361 4.735522
0.4051075 4.542555
0.3998975 4.407344
0.4285067 4.006254
0.4133178 4.09228
0.439534 4.126065
0.4359201 3.903094
0.4814181 3.807651
0.5008014 3.732762
0.4730375 3.65706
0.4771346 3.862526
0.5058411 3.876841
0.5324236 3.778342
0.54781 3.914194
0.5467661 3.988307
0.5439561 4.16902
0.5286864 4.031135
0.5650494 3.738783
0.5622816 3.93645
0.4931619 3.702864
0.4492041 3.757122
0.4315082 3.719805
0.4263568 3.717137
0.419044 3.63561
0.4203393 3.269813
0.4087257 2.953495
0.4067919 2.959677
0.4374337 2.911508
0.4304436 2.730906
0.4488447 2.558508
0.4828645 2.467713
0.4717453 2.416816
0.5029881 2.449075
0.486449 2.608917
0.492213 2.619407
0.554881 2.745877
0.5818572 2.603254
0.5795863 2.701906
0.5519163 2.435721
0.5066018 2.379052
0.5009337 2.315315
0.4919228 2.373523
0.4939 2.239531
0.5382824 2.228709
0.5141059 2.303098
0.5255061 2.304027
0.5403749 2.287332
0.5150165 2.319216
0.5426135 2.420018
0.5469032 2.513353
0.5065524 2.531143
0.5478123 2.661413
0.5852882 2.598758
0.5867271 2.776725
0.5789238 2.729654
0.5932984 2.633855
0.5901409 2.687871
0.5459671 2.987016
0.552664 3.058966
0.4768495 2.96014
0.4617876 3.04519
0.5001389 2.827638
0.447478 3.087668
0.4145772 3.174312
0.4801596 3.210943
0.5038031 3.07361
0.4850569 3.102113
0.4684726 3.038736
0.4409515 3.193309
0.4344932 3.194433
0.4810629 3.075235
0.5011396 3.111423
0.5159181 3.026308
0.5101985 3.139448
0.5132939 3.059122
0.5435289 2.985343
0.5626269 2.93403
0.5656556 2.914278
0.5534548 2.993062
0.5536884 3.076086
0.4918884 3.105876
0.5157139 2.934045
0.4893788 3.14173
0.4851679 3.205738
0.4913324 3.268841
0.51076 3.430312
0.5473136 3.409122
0.4901272 3.400996
0.4426207 3.513786
0.4698052 3.519753
0.4919999 3.407501
0.5103953 3.586991
0.5145851 3.443613
0.5569002 3.407867
0.5598975 3.433789
0.6059086 3.404133
0.6281899 3.254025
0.6250791 3.210959
0.6047116 3.468462
0.593523 3.491554
0.5879981 3.622084
0.5887487 3.86906
0.5564271 3.777114
0.5843595 3.915584
0.6055408 4.017648
0.6278437 4.224331
0.6327925 4.03837
0.6240637 3.900217
0.6239033 3.790597
0.6453459 3.857808
0.6325399 4.13079
0.6178113 4.168381
0.5752385 4.534107
0.5736864 4.354291
0.6059134 4.129321
0.5835012 4.285135
0.5637808 4.270945
0.5708741 4.265504
0.5634556 4.0683
0.5342904 4.148345
0.5542327 3.823394
0.5389477 3.950619
0.5711284 3.807958
0.5943263 3.873018
0.5836535 3.798679
0.5300861 3.702137
0.5166185 3.521714
0.5364759 3.638165
0.5380579 3.597567
0.5222253 3.719402
0.517299 3.90705
0.5333351 3.740711
0.5232449 3.611665
0.5143068 3.572433
0.550243 3.471072
0.5269278 3.541451
0.5473978 3.606722
0.5459271 3.609581
0.5400365 3.518474
0.5247352 3.426594
0.5564432 3.479885
0.5607284 3.223505
0.586212 3.114645
0.6218295 3.197074
0.6253223 3.243957
0.6205864 3.216587
0.6180676 3.335636
0.5836801 3.448451
0.6182016 3.593272
0.6071875 3.564229
0.5968624 3.488031
0.6106068 3.263956
0.5570463 3.574039
0.5341316 3.52372
0.5194393 3.550069
0.5196755 3.368131
0.4877954 3.381606
0.4664702 3.385598
0.4670603 3.440064
0.4979195 3.338991
0.5054399 3.527235
0.5272592 3.575272
0.5075611 3.555217
0.4755271 3.49447
0.46202 3.622989
0.4762311 3.754853
0.4802274 3.900007
0.4917801 4.076492
0.4931134 3.793531
0.5342394 3.822239
0.528182 3.73248
0.5621085 3.94989
0.5107718 3.789993
0.4895743 3.825333
0.5019279 3.74815
0.4535406 3.789039
0.4499557 3.911941
0.4241538 3.87782
0.3973764 3.780466
0.4084556 3.738488
0.425031 3.794968
0.469151 3.888222
0.518935 3.946536
0.539022 3.959547
0.5287856 3.951648
0.4846924 3.768056
0.4420971 3.508857
0.4511142 3.489033
0.5282727 3.452587
0.4978469 3.372755
0.5113241 3.344175
0.537664 3.1294
0.497936 3.118841
0.4855553 3.045259
0.4913931 3.070263
0.5381785 3.256859
0.5400516 3.040763
0.5079877 3.016473
0.4972576 3.161015
0.4833589 3.220145
0.4940365 3.329006
0.5063609 3.1385
0.5037756 3.132203
0.5193712 3.018909
0.4748723 3.039843
0.533409 3.122726
0.5332086 2.92056
0.5160534 3.095958
0.5207516 3.222908
0.567223 3.323079
0.5899215 3.222722
0.6362771 3.236677
0.6051899 3.182788
0.6221406 3.217966
0.6390029 3.134899
0.6645663 3.079012
0.6240984 2.939868
0.6051001 2.996979
0.621146 3.014693
0.5929164 3.005579
0.6101291 3.069309
0.597334 3.052085
0.5956357 3.232646
0.5490578 3.044396
0.5834883 3.135443
0.5212181 3.313568
0.5173173 3.370547
0.5423719 3.442865
0.5051124 3.645319
0.5147386 3.56112
0.5340997 3.526202
0.5729784 3.37534
0.5741354 3.286499
0.5756363 3.302565
0.5322519 3.266285
0.5339168 3.419672
0.482466 3.558561
0.5561527 3.496669
0.5487236 3.513354
0.5208623 3.425023
0.4950591 3.47671
0.5156933 3.671751
0.5265531 3.687107
0.5180743 3.514344
0.5223251 3.455731
0.5401667 3.528172
0.5402982 3.508781
0.5328067 3.58645
0.5207178 3.561342
0.4859659 3.227116
0.454343 3.331474
0.4286502 3.157339
0.4556323 3.270794
0.4444999 3.391078
0.4250275 3.345872
0.4644757 3.519469
0.4738111 3.390631
0.5089811 3.575281
0.539236 3.691481
0.499669 3.705339
0.490684 3.796675
0.4994186 3.768659
0.4975442 3.707562
0.4938904 3.720531
0.5035639 3.805704
0.5154534 3.697616
0.50002 3.730471
0.4530198 3.822985
0.4125055 4.033471
0.3471119 4.036557
0.3884735 3.834836
0.4507001 3.829432
0.4634198 3.656352
0.4776768 3.4599
0.4982302 3.415134
0.4988611 3.309969
0.5534556 3.355707
0.5097506 3.490123
0.5143357 3.476115
0.4736646 3.244846
0.4897173 3.176106
0.5233619 3.010575
0.4849844 2.883156
0.499434 2.998855
0.5373309 3.007152
0.5417447 3.133009
0.5744758 3.029261
0.5917454 2.925258
0.5748455 2.888945
0.5939979 2.793549
0.6183578 2.874761
0.6295695 2.825178
0.6629389 2.789523
0.6678462 2.643934
0.6352521 2.557242
0.6085742 2.577881
0.6153451 2.609217
0.5925813 2.525556
0.5927749 2.618756
0.6368495 2.618583
0.6247771 2.779272
0.6248295 2.794108
0.6218695 2.71417
0.6175353 2.700222
0.6432367 2.776862
0.6108076 2.660064
0.6599513 2.541583
0.6479183 2.514116
0.6292304 2.315722
0.6612473 2.436393
0.6886104 2.343337
0.6883033 2.345933
0.671782 2.278885
0.6612286 2.374304
0.6565561 2.338397
0.6362213 2.547374
0.6179933 2.413276
0.5576666 2.333586
0.5345918 2.207286
0.531431 2.291212
0.5720739 2.280295
0.5798512 2.344012
0.5855345 2.353732
0.5945471 2.299319
0.6051807 2.5024
0.578325 2.688403
0.608903 2.840382
0.5770922 2.807967
0.5590596 3.041426
0.5871394 3.149239
0.5613799 3.223058
0.5528746 3.194807
0.5713538 3.290992
0.5557911 3.188942
0.5573825 3.139838
0.6022771 3.02831
0.5471568 3.0725
0.5605566 3.105727
0.5696407 3.000391
0.6005284 3.012158
0.565832 3.355422
0.5655537 3.216943
0.5652707 3.320072
0.5303618 3.393115
0.5186758 3.257591
0.4889808 3.497491
0.4707749 3.64147
0.4666817 3.609794
0.4958643 3.768369
0.4695228 3.834681
0.5038444 3.904414
0.4966681 3.874895
0.5031813 3.921411
0.5362712 3.837601
0.5498933 4.067772
0.5424861 4.04475
0.503296 4.191479
0.4813889 4.166597
0.4670693 4.071176
0.4884021 4.055242
0.419518 3.986739
0.468519 3.902757
0.4664291 3.907094
0.4457638 3.999697
0.4572906 3.904284
0.487271 3.667363
0.508637 3.65909
0.488652 3.717805
0.5006046 3.729277
0.445834 3.730778
0.4671173 3.593813
0.4824553 3.642772
0.4123467 3.70731
0.4394449 3.612657
0.4489555 3.58981
0.4471024 3.446497
0.4638176 3.56962
0.4479422 3.634845
0.4352222 3.491926
0.4330853 3.376974
0.4262938 3.461774
0.4154572 3.269043
0.3932154 3.546822
0.3568655 3.651534
0.3735381 3.822237
0.4020482 4.108965
0.3450319 3.963143
0.3273747 3.949778
0.3215749 3.841101
0.3266684 3.907601
0.3816771 4.011703
0.4230866 4.041416
0.4303852 3.900845
0.4518616 3.80759
0.493286 3.826322
0.5195987 3.96623
0.5506278 3.957194
0.5627589 3.834286
0.5171916 3.754541
0.4489856 3.872959
0.4917061 3.823185
0.5124602 3.837126
0.5245134 3.732058
0.5294343 3.711046
0.5344633 3.640392
0.5057933 3.754309
0.4885922 3.766751
0.4987951 4.131246
0.5011785 4.255117
0.503745 4.14002
0.5070767 3.949542
0.4825986 3.882137
0.5236186 3.944761
0.4966873 4.216811
0.4702363 4.522367
0.4924024 4.561888
0.5257381 4.621393
0.5291366 4.593845
0.5269063 4.646738
0.5374946 4.38846
0.5099991 4.29289
0.4539339 4.240326
0.436989 4.175804
0.4501491 4.209114
0.4521967 4.37281
0.4259815 4.339179
0.4886125 4.524631
0.5059631 4.724974
0.4934142 4.581337
0.4900027 4.621913
0.4398579 4.706117
0.4591215 4.621872
0.4933648 4.386473
0.5315449 4.44864
0.4825192 4.433534
0.4500568 4.707899
0.4187321 4.679554
0.3861451 4.88308
0.3929988 4.914861
0.398632 4.856335
0.3607912 4.950258
0.3393784 4.915842
0.3431367 4.736194
0.3547496 4.967054
0.3169801 4.720226
0.3327385 4.347561
0.3540638 4.460258
0.3180079 4.564257
0.3147915 4.436229
0.3216036 4.372814
0.3137313 4.133056
0.3037608 4.373463
0.3073898 4.588317
0.3364662 4.634521
0.3395753 4.448534
0.3374334 4.467146
0.4140187 4.268039
0.3970833 4.467393
0.3546897 4.365091
0.3150278 4.354781
0.3457143 4.986783
0.3433145 5.22427
0.3267272 4.776449
0.3706852 4.522818
0.3719286 4.461041
0.395412 4.299062
0.4652953 4.250144
0.4451605 4.033583
0.4640999 4.141972
0.5056303 4.117825
0.4979779 4.140489
0.532135 4.276894
0.5774088 4.089348
0.5738412 4.084969
0.5679451 4.110096
0.5689748 4.040497
0.5046799 4.264539
0.5196287 3.942764
0.4990644 3.865061
0.5109024 3.916954
0.4711164 3.732714
0.5028993 3.814189
0.4613409 3.719345
0.4946908 3.695834
0.4902068 3.928729
0.4645337 3.890511
0.4567402 4.144512
0.4418089 4.160999
0.4787386 4.24256
0.4678422 4.167647
0.4640893 4.386516
0.4766729 4.361256
0.5263147 4.386831
0.5101407 4.241341
0.5220722 4.05471
0.5136992 4.239038
0.4586821 4.265919
0.4176477 4.516146
0.3996929 4.283453
0.3623684 4.205502
0.3428969 4.134875
0.3597687 4.061798
0.3436007 3.907124
0.3586725 4.065844
0.3198382 4.115022
0.2997028 4.063238
0.3209732 4.100784
0.3183249 4.093016
0.3372777 4.026201
0.3608142 4.025299
0.397271 3.919207
0.3706131 3.836715
0.3953448 3.747817
0.402422 3.846364
0.3896449 3.608707
0.3667941 3.89813
0.4078255 3.804906
0.4326802 3.929579
0.4001211 3.647795
0.4420402 3.524169
0.4304033 3.460401
0.4394025 3.572797
0.4419765 3.485182
0.4533289 3.27258
0.4314445 3.472202
0.423167 3.405424
0.4360099 3.48449
0.4564518 3.498877
0.4250605 3.418821
0.4141572 3.272271
0.4286948 3.408358
0.4509269 3.34481
0.4646926 3.371107
0.4477045 3.265601
0.4551893 3.37868
0.4678002 3.269073
0.5128659 3.222663
0.565981 3.164974
0.5537287 3.249655
0.5315163 3.416126
0.5520312 3.50951
0.5848654 3.416998
0.5883018 3.341638
0.6114215 3.216778
0.5957511 3.227455
0.5750283 3.450641
0.5802867 3.507319
0.5775723 3.247124
0.5837147 3.203955
0.5911181 3.497789
0.5988814 3.471634
0.6384258 3.524468
0.6252564 3.810487
0.6444997 3.763202
0.6830125 3.547386
0.7037528 3.796736
0.7027767 3.711063
0.6723291 3.4872
0.679443 3.483239
0.7093133 3.603539
0.7081137 3.684673
0.734601 3.603372
0.7090329 3.584657
0.7188442 3.696796
0.7092485 3.531675
0.7356678 3.434739
0.7693016 3.45695
0.7390322 3.446997
0.7812552 3.667753
0.8082309 3.680429
0.7909015 3.74032
0.8359865 4.093399
0.8508468 4.184289
0.8318216 4.174245
0.8394687 4.028801
0.8180839 3.832283
0.7611699 3.872976
0.7545848 3.971683
0.7391675 3.749961
0.7574894 3.864364
0.7765207 3.777043
0.7770608 3.814197
0.7723303 3.903513
0.7580343 3.805126
0.7224963 3.944577
0.7202642 3.750434
0.7503199 3.757236
0.787925 3.870368
0.7725242 3.89396
0.8044013 4.164692
0.8078603 4.029118
0.8118304 3.963315
0.838252 3.99857
0.8113962 3.894243
0.8166568 4.048756
0.8383212 3.888427
0.8585586 3.695773
0.8338568 3.574422
0.8074563 3.582731
0.7860251 3.977845
0.7765416 4.007846
0.7819022 3.908699
0.7808304 3.735457
0.7994589 3.751153
0.7767128 3.723704
0.7725092 3.621438
0.7368676 3.548173
0.7118005 3.499339
0.6668853 3.59868
0.6702646 3.710858
0.6445245 3.782509
0.6489406 3.730086
0.6657109 3.540994
0.6916414 3.615039
0.667976 3.681768
0.7049233 3.480561
0.7147851 3.620332
0.7061161 3.534709
0.716327 3.516686
0.715674 3.307352
0.6970966 3.200919
0.6814806 3.42033
0.6804524 3.421884
0.7064539 3.457308
0.7191824 3.272838
0.7302761 3.190748
0.7485993 3.177866
0.7383611 3.035212
0.7558834 3.040601
0.7675634 3.237398
0.7874024 3.259844
0.7967606 3.152912
0.804732 3.259414
0.8048292 3.22528
0.8180681 3.25584
0.8216572 3.401592
0.8168654 3.359332
0.8200055 3.580183
0.7955888 3.691611
0.8186223 3.803962
0.7875122 3.88209
0.7822991 4.007223
0.7812436 4.084475
0.8017202 4.078339
0.7902911 3.897935
0.7735364 3.850363
0.7666194 3.918896
0.7537543 4.150616
0.7331973 4.01766
0.7329213 4.022873
0.7240867 4.055324
0.6924086 4.10523
0.6824256 4.369166
0.7114192 4.338189
0.6917706 4.471805
0.6572015 4.716003
0.679652 4.658965
0.6711243 4.725047
0.6734986 4.842951
0.6468238 4.873322
0.6291176 4.922438
0.5940082 4.735724
0.5753165 4.668501
0.5947706 4.547741
0.6036702 4.480387
0.5975722 4.37792
0.589725 4.42283
0.5849669 4.200523
0.5861047 4.20034
0.5585721 4.24699
0.5404813 4.005109
0.4862533 3.871415
0.459905 3.82452
0.4770536 4.005714
0.4374464 3.921427
0.4978903 4.117353
0.4962863 4.092017
0.5183655 4.05948
0.5150336 4.066067
0.5291474 4.108404
0.55435 4.190057
0.4699072 4.15078
0.5446463 4.09187
0.5882703 4.200767
0.5666277 4.344343
0.602358 4.390283
0.5741446 4.27475
0.6009584 4.411258
0.6354597 4.391683
0.5900953 4.43145
0.5813505 4.680286
0.5367121 4.776971
0.5807318 4.698029
0.578533 4.493844
0.5695211 4.476326
0.5818314 4.557194
0.5462888 4.602549
0.523797 4.557397
0.4868946 4.612558
0.5160027 4.57536
0.5205665 4.892782
0.5347307 4.845
0.5362194 5.259859
0.5248061 5.608922
0.4864686 5.337657
0.5081473 5.745351
0.4900505 5.894357
0.4964163 5.973407
0.5043611 6.11021
0.4998658 6.156882
0.5249336 6.008685
0.578753 6.031083
0.5565581 6.049271
0.5401078 6.106791
0.5479772 6.176489
0.5340229 5.923893
0.5131977 5.833893
0.5153862 5.915449
0.5141407 5.80854
0.5320384 5.395285
0.4970743 5.181766
0.514924 5.251138
0.5113707 5.326829
0.4925367 5.34129
0.4835962 5.37376
0.4871864 5.347005
0.4593835 5.450884
0.4790747 5.388227
0.4942632 5.514285
0.4789407 5.075802
0.4384766 5.166444
0.449759 4.950863
0.3921722 4.789663
0.3635823 5.122058
0.3498362 4.800703
0.3454965 4.848322
0.312425 4.967542
0.3217725 4.894196
0.3152418 4.963157
0.2836742 4.683675
0.294775 4.78381
0.2915455 4.542111
0.2973103 4.648619
0.3078954 4.592692
0.2969895 4.450119
0.2487156 4.65983
0.2483231 4.682342
0.243333 4.622431
0.1974358 4.433621
0.2063472 4.28388
0.2313513 4.418244
0.240819 4.298053
0.3042053 3.933411
0.332213 3.882848
0.2840373 3.864487
0.2823414 3.968765
0.3320486 4.064347
0.3056945 4.130931
0.3287287 4.131952
0.3105947 4.285049
0.3289095 4.38178
0.3460883 4.857068
0.3509532 5.014512
0.3154754 4.931946
0.3304694 5.083704
0.3674485 5.316788
0.3789257 5.14551
0.3669228 5.340335
0.4029525 5.185923
0.3961518 5.288728
0.3965797 5.402438
0.3884413 5.635653
0.3437989 5.650788
0.3461074 5.424144
0.3510544 5.410666
0.3231028 5.612865
0.3136124 5.81009
0.334253 5.596716
0.3873921 5.458122
0.4254515 5.169577
0.3685984 5.243567
0.331565 5.376781
0.3160683 5.456116
0.3109061 5.690351
0.2968365 5.673336
0.2880833 5.344196
0.3326803 5.330671
0.3048954 5.436723
0.3187603 5.224147
0.3357888 5.235285
0.3703116 4.930963
0.3591384 5.024795
0.3778561 5.036269
0.4084205 4.752019
0.414462 4.647005
0.4565914 4.682558
0.4432568 4.541737
0.4872547 4.639169
0.4646538 4.805736
0.4792905 4.809643
0.4495604 4.724278
0.449579 4.703507
0.455543 4.706212
0.468551 4.609016
0.5086598 4.600862
0.464102 4.720534
0.4430714 4.638801
0.4430575 4.711867
0.4431008 4.947492
0.4540821 5.256266
0.4463843 5.318783
0.4488034 5.46839
0.4971352 5.543093
0.528173 5.85057
0.5112047 5.863677
0.4940356 5.870169
0.4194004 6.192873
0.4170094 5.957338
0.4343168 5.976831
0.4044532 5.814565
0.4466869 5.562715
0.4498774 5.272001
0.4387049 4.983207
0.4017192 4.942306
0.3481771 4.781099
0.3265736 4.897424
0.3387417 4.873468
0.357028 5.025397
0.3174449 4.974814
0.3595795 4.979247
0.3605214 5.064802
0.3706666 5.234435
0.3901233 5.147511
0.3249577 5.112836
0.3369885 5.385005
0.3388085 5.12164
0.3423142 4.958129
0.3693879 5.222388
0.3490432 5.298667
0.335202 5.558592
0.3535564 5.693639
0.3385069 5.728336
0.3596541 5.428942
0.318376 5.568614
0.290744 5.834019
0.2477117 5.744569
0.260965 5.801455
0.263243 5.493245
0.2361791 5.41307
0.2424095 5.352579
0.2582824 5.304418
0.2307187 5.068159
0.1613611 5.181486
0.1640532 5.166239
0.1728992 5.396025
0.1947047 5.576328
0.1957674 5.733265
0.1977635 5.815104
0.2117075 5.477665
0.2479931 5.510309
0.3057703 5.088542
0.3052683 5.211914
0.3475705 5.228619
0.3059307 5.167717
0.2749653 5.386399
0.2779251 5.574491
0.2940093 5.600848
0.3199504 5.938564
0.3603499 6.00363
0.3711053 5.916927
0.3802269 5.78171
0.38335 5.630444
0.4022469 5.59896
0.4048671 5.917894
0.4241089 5.906181
0.4222075 5.892171
0.4408562 6.161101
0.4256085 6.045871
0.370246 6.347169
0.4270919 6.153727
0.4204617 6.011062
0.4168095 5.74298
0.4316083 5.772722
0.4265354 5.650497
0.4146461 6.039044
0.3965393 6.067064
0.3603527 6.442495
0.3907091 6.473421
0.3675116 6.423105
0.412385 6.228817
0.413203 5.951236
0.3578546 5.944815
0.3404895 5.862385
0.3246958 6.124343
0.3090962 6.452463
0.2931644 6.584716
0.3104284 6.611069
0.3188694 6.738178
0.3054833 6.580211
0.3165689 7.225148
0.3294311 7.430104
0.2873038 7.185773
0.2583296 7.609818
0.3051681 7.509895
0.3492974 7.235042
0.3914404 7.229575
0.4574302 7.629086
0.430951 7.153023
0.4379281 7.475249
0.4669188 7.352752
0.4493352 7.363791
0.4480169 7.149281
0.4090442 7.35835
0.418302 7.499235
0.410841 7.684468
0.3980032 8.065133
0.4035538 7.934127
0.4212041 8.181756
0.397927 8.304724
0.4468935 7.768224
0.4551878 7.678672
0.3973646 7.803631
0.4436202 8.484245
0.4670167 7.833502
0.5015822 7.60969
0.5512277 7.414175
0.5039481 7.36042
0.5335573 7.570021
0.5073818 7.331378
0.527748 7.334921
0.5401527 7.474143
0.5236902 7.970879
0.485467 7.798434
0.4465857 8.536599
0.4849301 8.691561
0.4612087 8.042676
0.4534188 8.386503
0.453594 8.403848
0.4198948 7.977683
0.440986 7.817366
0.4427393 8.008618
0.4608194 8.107236
0.4095824 8.143625
0.4335105 8.477684
0.4479839 8.457208
0.4430543 9.239471
0.4187494 8.98062
0.4015667 8.938465
0.4454198 8.50562
0.4304142 8.983809
0.4273493 9.248081
0.4119246 9.73543
0.4202191 9.289198
0.4056232 9.762861
0.3847264 9.445145
0.3621891 9.811497
0.383705 10.42172
0.4295287 10.26498
0.4055691 9.734234
0.443723 9.760522
0.4401043 9.71998
0.4460621 10.01141
0.4007816 10.1246
0.3527005 9.835555
0.3547846 9.986912
0.336435 10.27809
0.3366417 10.3611
0.3307338 10.82067
0.3432127 11.06092
0.3381236 11.06177
0.3343337 10.84933
0.295177 10.7693
0.3134016 10.80274
0.3239198 10.91021
0.2959361 10.99703
0.285925 11.0047
0.2580348 10.40482
0.246299 10.48497
0.2422241 10.56739
0.2745561 10.03387
0.2716975 9.85404
0.272739 9.89216
0.3084531 10.45148
0.3096256 11.3345
0.3316223 11.05045
0.2861965 11.39287
0.237133 11.04137
0.2674141 10.8345
0.2504109 10.32545
0.2995243 9.998298
0.3295611 10.41131
0.3323551 9.986328
0.3250198 10.40323
0.287486 9.900252
0.2892294 9.499965
0.2698386 9.775508
0.2879316 9.520317
0.3110278 9.731819
0.3461121 9.468049
0.368453 9.234655
0.3223593 8.891968
0.3141497 8.599845
0.3320698 8.390664
0.3727559 8.233062
0.3787863 8.175988
0.4024708 8.097787
0.4072076 8.334923
0.4128176 7.792083
0.4046897 7.402717
0.3810122 7.734401
0.3851385 7.788464
0.3875014 7.77936
0.365116 7.662048
0.3510552 7.107244
0.3841596 7.258895
0.3475798 7.021746
0.3839311 6.722457
0.3930606 6.677856
0.3956282 6.593325
0.3759482 6.390071
0.3734751 6.639363
0.4055164 6.780967
0.3830511 6.963268
0.400608 6.874808
0.3551575 6.498153
0.347016 6.189945
0.3349408 6.310972
0.3525486 6.387697
0.3077846 6.465194
0.2940905 6.666879
0.3145245 6.667948
0.3059336 6.780117
0.3081931 6.869899
0.3163959 6.740041
0.3279681 6.75523
0.3168468 6.718639
0.3199579 7.084501
0.3105245 7.198677
0.3245786 7.3682
0.3164346 7.407879
0.2888935 7.269511
0.3152033 6.706659
0.3032291 6.181033
0.275275 6.57956
0.3050194 6.942792
0.3107179 7.120593
0.2774825 7.317088
0.3196082 7.194215
0.272256 7.137186
0.2572066 7.179922
0.2777835 6.838063
0.2893859 6.773624
0.3511835 7.053199
0.3330278 7.603978
0.2987584 7.836041
0.2904015 8.403702
0.2942057 8.265417
0.2568872 8.154726
0.2326523 8.294306
0.2281873 8.340527
0.2279201 8.61415
0.2359758 8.519242
0.2282303 8.743813
0.2236463 8.250207
0.2028532 7.524869
0.2170546 7.203915
0.2294785 7.758882
0.2398238 7.634828
0.2337294 7.55857
0.2436225 7.116664
0.2398482 6.880804
0.2569917 6.828647
0.2634962 6.839466
0.2488235 7.004578
0.2827561 6.803305
0.2694039 6.848479
0.2396792 6.69072
0.2333058 6.865231
0.2403905 7.06403
0.2552009 6.872061
0.2916822 6.886804
0.2947922 6.309587
0.3083558 6.190024
0.3216599 5.946201
0.3183319 5.825061
0.3366971 6.019489
0.3468777 6.321747
0.3372826 6.03167
0.3202863 6.203582
0.3454779 5.968557
0.3662812 6.317261
0.3854846 5.711452
0.4286142 5.446161
0.4859301 5.568338
0.462358 5.801571
0.4119087 5.806641
0.4660856 6.073689
0.4844795 6.001782
0.5234531 6.227135
0.5211831 6.170797
0.5475535 6.05862
0.5402045 5.794589
0.4973719 5.82669
0.5244662 5.892395
0.5063797 5.885809
0.5462281 5.997756
0.525151 5.65501
0.5714342 5.764064
0.5305657 5.879444
0.54177 5.724441
0.5343619 5.495204
0.521025 5.414027
0.5068197 5.440705
0.5314491 5.189565
0.5734665 5.17941
0.5867068 5.155403
0.562262 5.202824
0.4948871 5.625323
0.4887741 5.854308
0.4985651 5.790764
0.4961099 5.537134
0.5078166 6.016743
0.4960389 6.014057
0.4536845 5.744712
0.4397376 6.040408
0.4372679 6.127982
0.4356861 6.253601
0.4283825 5.933872
0.37261 6.129211
0.3927903 5.974129
0.4253372 5.942497
0.4209536 6.118355
0.4367762 6.164247
0.462498 6.415469
0.434637 6.1608
0.4209579 6.497628
0.4092309 6.664177
0.4123764 6.709629
0.4019328 6.690761
0.3915951 7.023481
0.448867 6.954657
0.4446714 7.294915
0.4392453 7.108798
0.4516707 7.286036
0.4244029 7.281156
0.4416514 7.1248
0.4378727 7.070801
0.4471881 7.394438
0.4328784 7.103897
0.4473668 7.300301
0.4278491 6.897531
0.430973 6.6332
0.4153988 6.686241
0.3804073 6.914268
0.3829753 7.282337
0.4011923 7.300085
0.4156281 7.190399
0.4060491 7.315539
0.3623433 7.404569
0.3901508 7.200256
0.3904846 7.187506
0.3971616 7.637083
0.4304472 7.483817
0.3942861 7.220356
0.3930862 7.521703
0.4043091 7.573953
0.4178685 7.415315
0.414397 6.847646
0.4617897 7.091397
0.4681001 7.149696
0.4698812 7.041231
0.4355235 6.783911
0.4564017 6.502299
0.4726209 6.331912
0.4342046 6.503297
0.4519507 6.411774
0.4554491 6.211589
0.459916 6.428111
0.468749 6.416097
0.4526522 6.13433
0.4512248 6.101546
0.4424395 5.737913
0.4456835 5.894705
0.49093 5.824363
0.4960065 5.854693
0.4896648 5.769075
0.5000961 5.609429
0.4776394 5.794107
0.4561681 6.129588
0.4118741 6.078839
0.3976352 6.243362
0.3291006 6.269078
0.3556691 6.261903
0.3653948 6.477853
0.4051979 6.811184
0.3632844 7.029474
0.3675506 6.883973
0.3335692 6.903365
0.3460613 6.906549
0.3519459 6.774023
0.3028046 6.300657
0.326285 5.996134
0.3115348 5.583901
0.3027109 5.324445
0.3139758 5.162381
0.3130597 5.456648
0.2858647 5.412206
0.3493726 5.419538
0.3131107 5.100872
0.2922281 5.11476
0.3116764 5.071093
0.3026921 4.820595
0.3406263 4.790755
0.3325166 4.657815
0.3004496 4.809533
0.2308744 4.972452
0.2510592 4.918641
0.2182619 5.099259
0.2100273 5.210241
0.1774917 5.261583
0.1918037 5.032397
0.1930522 5.435817
0.2161728 5.244616
0.2166924 5.484028
0.2157862 5.50699
0.2282017 5.508796
0.2289995 5.268052
0.2303303 5.08198
0.2351205 5.093937
0.2225193 4.980606
0.2008589 5.029204
0.2523434 5.251574
0.2224439 5.326463
0.2325743 5.340983
0.2597578 4.87837
0.2722631 4.865456
0.2591244 4.72404
0.2619863 4.553843
0.2813911 4.74485
0.2977071 4.673788
0.3573411 4.641381
0.3898514 4.526035
0.3909949 4.949652
0.4416095 4.923944
0.3677347 4.969553
0.3449858 4.672112
0.352453 4.790272
0.2810081 4.79861
0.2625042 4.632815
0.2709499 4.82576
0.2768907 5.070165
0.2721226 5.382734
0.2498936 5.414513
0.2516289 5.158091
0.2204534 4.898303
0.211797 5.252379
0.23226 5.420957
0.2305839 5.344191
0.2504602 5.168679
0.2863145 4.998042
0.3121411 5.210071
0.3431614 5.295248
0.3179728 5.027542
0.3591002 5.26676
0.2726693 5.542328
0.2584073 5.605218
0.2779782 5.655454
0.2606635 5.591005
0.2640636 5.322393
0.2798661 5.535999
0.2682369 5.361342
0.3154628 5.030866
0.3008711 4.870046
0.3050833 4.738981
0.3300097 4.909365
0.3355103 4.887731
0.2984316 4.871069
0.3039538 4.758246
0.299341 4.412159
0.3080581 4.351124
0.3236273 4.35051
0.3596803 4.274041
0.3769844 4.151014
0.3636716 4.254878
0.3863546 4.092671
0.4041775 4.319452
0.3940844 4.625727
0.3838652 4.508631
0.3773829 4.847704
0.3750142 4.743681
0.3817587 4.90434
0.3983714 4.844883
0.3787318 4.550172
0.372183 4.44659
0.36514 4.452153
0.3572624 4.475726
0.3253025 4.235745
0.3132673 4.032092
0.3713221 4.24835
0.3961937 3.972828
0.4313692 3.961713
0.458124 4.069825
0.4885148 4.229484
0.4728617 4.138993
0.5050524 4.195423
0.4689907 4.069274
0.4773644 4.126398
0.4996067 4.062021
0.5214859 4.059837
0.5213353 4.019049
0.4831207 3.971435
0.4515829 3.86493
0.4525987 3.769623
0.4376727 3.651428
0.4443595 3.694923
0.4554169 3.586716
0.4298048 3.431547
0.4132077 3.489165
0.4067694 3.519246
0.3773119 3.535423
0.396281 3.548555
0.4008104 3.605092
0.3753766 3.41821
0.396157 3.570618
0.4370788 3.400373
0.456518 3.267551
0.5259124 3.345002
0.5366721 3.558567
0.5059583 3.539268
0.4923126 3.529968
0.4145597 3.611245
0.4359475 3.858799
0.4385672 3.924727
0.4093071 4.016664
0.4134805 4.009197
0.4059329 3.839529
0.3608718 3.656446
0.371015 3.581408
0.3959614 3.561004
0.3605218 3.473477
0.3643283 3.234669
0.4347718 3.754799
0.4325774 3.591367
0.4164572 3.703075
0.4544528 3.618264
0.4286009 3.726639
0.4500098 3.863106
0.4601134 3.690538
0.4664111 4.05958
0.4779519 4.147803
0.4642862 4.043641
0.4853919 4.125316
0.4737318 4.144157
0.4372151 4.118113
0.4314107 4.271963
0.4561358 4.362978
0.4648118 4.402892
0.4534996 4.317694
0.452951 4.501278
0.5015818 4.397022
0.4996406 4.366376
0.4578489 4.205179
0.4724748 4.202801
0.4505453 4.208793
0.4572066 4.154692
0.4000188 4.302144
0.4417794 4.093424
0.4405638 4.178945
0.4594662 4.054544
0.4645676 3.942285
0.3712691 3.907777
0.3451728 4.152562
0.3195971 4.383723
0.3156546 4.330344
0.3435565 4.271518
0.3956542 3.941971
0.4385437 3.874428
0.4489119 4.000231
0.4326498 4.140018
0.4093399 4.145532
0.3778334 4.321895
0.3686021 4.190636
0.3798743 3.948259
0.3707349 4.012083
0.3648316 4.046074
0.332098 4.183301
0.2950104 4.514905
0.2872199 4.606102
0.3006295 4.666371
0.329969 4.622452
0.3107673 4.440298
0.3127482 4.642549
0.2997062 4.648179
0.2750384 4.957248
0.2489952 5.079157
0.2839049 4.760724
0.2571368 4.89403
0.2922303 4.960779
0.295538 4.800802
0.3139426 4.428409
0.2903302 4.367999
0.2651386 4.186185
0.2739451 4.050273
0.2956836 4.117185
0.3373625 4.059441
0.3130523 4.31957
0.3429741 4.20971
0.408904 4.078789
0.4116635 3.871433
0.3876083 3.915486
0.3980183 3.867499
0.3813253 3.957558
0.4198895 4.077417
0.4731248 4.148992
0.4826953 3.971389
0.4664936 3.956149
0.4667909 4.254855
0.4778567 4.322696
0.4855325 4.175785
0.4648309 4.137627
0.4825795 4.185216
0.4858689 4.190222
0.5111249 4.037502
0.5680503 3.834294
0.5853515 3.848767
0.6010439 3.929689
0.562467 3.658481
0.5405333 3.627048
0.5090824 3.593815
0.5085015 3.656443
0.5098426 3.397461
0.5083548 3.330376
0.5126527 3.307477
0.5497548 3.389839
0.5579565 3.534608
0.5675032 3.749498
0.5476489 3.577955
0.5471444 3.485721
0.5198336 3.494348
0.5352651 3.738797
0.5281533 3.749564
0.5721095 3.760553
0.5841962 4.010528
0.6106772 3.712422
0.6357001 3.672492
0.6642982 3.529638
0.6937473 3.381981
0.6553422 3.413388
0.6519274 3.581428
0.6321463 3.489644
0.594665 3.407823
0.5926741 3.474355
0.5739739 3.436483
0.5302589 3.581221
0.5072035 3.486454
0.4992849 3.280615
0.5123024 3.262814
0.5177003 3.023658
0.4992602 3.003403
0.4661754 3.252822
0.4738042 3.229723
0.4750144 3.220188
0.4911308 3.294805
0.5044357 3.439337
0.5067864 3.417306
0.4641738 3.275437
0.5200692 3.25616
0.5358946 3.37355
0.5934979 3.360161
0.5794775 3.515794
0.6285627 3.537587
0.6135285 3.373106
0.650866 3.35464
0.6957274 3.147858
0.666469 3.134335
0.6571578 3.117696
0.6749052 2.994134
0.6396987 2.966287
0.6172889 2.897356
0.6182786 2.706037
0.6434994 2.650875
0.63212 2.722044
0.6827272 2.60046
0.7324717 2.735836
0.6978417 2.678122
0.7089454 2.772173
0.7007261 2.791955
0.7239113 2.895328
0.6777272 2.847847
0.6561707 2.8231
0.6350205 2.746944
0.6686594 2.781231
0.6298245 2.705136
0.6668672 2.848165
0.6561666 2.703935
0.6362898 2.752573
0.6144904 2.80962
0.559747 2.969984
0.5793854 3.041123
0.5881504 2.885961
0.5686814 2.887163
0.5459086 2.733917
0.5267495 2.612696
0.5450666 2.517864
0.5438905 2.505699
0.5463273 2.602337
0.5425216 2.750421
0.5269551 2.897505
0.5393634 2.941504
0.5596836 2.927694
0.5878813 2.926875
0.5541149 3.060907
0.5185051 2.983406
0.507141 2.962292
0.521274 2.99679
0.5231872 2.902683
0.5467856 3.148623
0.5598116 3.103022
0.5862205 3.039463
0.5309685 3.06835
0.5393502 2.986849
0.5020575 2.999701
0.4712734 3.057049
0.4641579 3.145589
0.4585842 3.044682
0.4659044 2.924172
0.4007404 3.141478
0.392056 3.088718
0.4120746 3.224081
0.3962143 3.345046
0.4143878 3.531071
0.4287123 3.490768
0.4261567 3.409188
0.4461326 3.433352
0.470842 3.557371
0.4950403 3.631415
0.5192512 3.669057
0.5310617 3.562845
0.5602447 3.887473
0.5614762 4.218674
0.5824305 4.558574
0.5226666 4.680268
0.5193895 4.871922
0.4812939 4.648458
0.4765515 4.850831
0.5100892 4.79265
0.5113251 4.678097
0.511091 4.521761
0.5363371 4.808762
0.5366734 4.890694
0.5351316 4.731883
0.5700452 4.634149
0.5326337 4.798225
0.5405783 4.675776
0.5550852 4.686429
0.5365174 4.433829
0.5425344 4.532764
0.5240328 4.374533
0.5543567 4.062273
0.5709896 4.013856
0.5501797 3.911639
0.5120722 3.984066
0.4756477 3.916316
0.4263905 3.888815
0.4430981 3.825826
0.4854788 3.927241
0.4586272 3.584349
0.4794078 3.422409
0.4294411 3.484595
0.4396429 3.377763
0.4020674 3.397987
0.4134516 3.214934
0.4567839 3.334772
0.4336163 3.201818
0.42613 3.155157
0.4092652 3.204642
0.4359424 3.094533
0.4734889 3.020087
0.494965 3.148264
0.4621495 3.08106
0.4112924 3.173901
0.4136715 3.275092
0.4301817 3.44243
0.3944009 3.460283
0.446154 3.466434
0.4134578 3.290412
0.4617443 3.117274
0.4024903 3.210011
0.3495361 3.241124
0.3365395 3.204899
0.328997 3.089488
0.3048474 3.294742
0.3624102 3.36329
0.368571 3.433777
0.3638819 3.512427
0.3712053 3.559033
0.3363673 3.405993
0.3394418 3.214574
0.3216503 3.13929
0.3038558 3.01026
0.3511156 3.107729
0.3503859 3.223041
0.3723744 3.211311
0.3548041 3.226322
0.3751871 3.16479
0.3469872 3.296728
0.3483903 3.27238
0.352732 3.051976
0.3525643 2.879698
0.3145325 2.844255
0.3157994 2.722208
0.3382882 2.668047
0.3449377 2.645941
0.3558572 2.592512
0.3758479 2.580325
0.3643797 2.477249
0.3279628 2.440939
0.3149055 2.418833
0.3328839 2.347318
0.3218632 2.244932
0.3133713 2.238124
0.3073427 2.324303
0.3371422 2.487407
0.323754 2.459174
0.3658561 2.476683
0.3903729 2.59125
0.3502177 2.649005
0.3287458 2.698226
0.3397892 2.666701
0.3301958 2.684819
0.3263509 2.697591
0.2886485 2.755294
0.2924939 2.766053
0.2581646 2.843691
0.226348 2.983758
0.2542636 2.894925
0.2812463 2.789871
0.2706209 2.795928
0.2916992 2.840134
0.2937333 3.031906
0.2901976 3.030142
0.2335122 3.153996
0.2309783 3.122532
0.222676 3.127522
0.2310217 3.168529
0.2171979 3.189911
0.2341096 3.111869
0.2480609 3.112412
0.262695 3.18932
0.2611662 3.216245
0.2750623 3.239258
0.2628877 3.516665
0.2863132 3.537056
0.3438379 3.566253
0.3774287 3.322671
0.3693852 3.399499
0.3451331 3.36503
0.3693271 3.132073
0.3353155 3.253921
0.31666 3.409408
0.297862 3.501514
0.2595409 3.404053
0.2601817 3.408009
0.2448123 3.286903
0.2938491 3.289789
0.2941545 3.299223
0.3170895 3.340405
0.2944806 3.338757
0.3173667 3.407647
0.3784795 3.376919
0.4009287 3.208446
0.352731 3.148262
0.3660401 3.37242
0.3776861 3.634958
0.4249465 4.068624
0.398601 3.984012
0.4110763 3.934831
0.4362079 4.096098
0.4381348 4.120596
0.4214304 4.224158
0.4189016 4.326591
0.455653 4.380768
0.4378022 4.550125
0.432298 4.438107
0.3940429 4.360785
0.3623487 4.542052
0.3709782 4.665705
0.3423001 4.625139
0.353385 4.779558
0.3795014 4.732209
0.3692648 4.603612
0.3302477 4.474395
0.3283469 4.467272
0.3028315 4.407461
0.3004856 4.392496
0.3182021 4.496534
0.3149135 4.408384
0.3227341 4.517832
0.3242473 4.435087
0.3356529 4.127345
0.3107808 4.244052
0.3246421 4.213912
0.2736812 4.132939
0.3128494 3.994713
0.3115255 4.246689
0.3129482 4.2404
0.3354939 4.416435
0.3544294 4.514088
0.3499963 4.509476
0.3826366 4.614307
0.348442 4.420987
0.3414825 4.269629
0.3640946 4.389108
0.339972 4.06499
0.3099524 4.202752
0.3667279 4.053299
0.3499184 3.871259
0.3294909 3.71449
0.3855854 3.787014
0.3918287 3.73994
0.3656013 3.939662
0.3319199 3.790777
0.3597788 3.558949
0.3570633 3.510597
0.376064 3.578251
0.3393417 3.622016
0.3130884 3.741932
0.3575413 3.709556
0.3256875 3.498258
0.3800748 3.331138
0.38679 3.447245
0.3694891 3.436431
0.3953646 3.467942
0.3778053 3.424858
0.3576419 3.639699
0.3545592 3.739432
0.353038 3.839203
0.3581475 3.738389
0.379519 3.599744
0.3720867 3.528625
0.3485628 3.706703
0.3820848 3.67671
0.4402745 3.837587
0.4510414 3.723098
0.4418376 3.591469
0.4462313 3.617104
0.4622463 3.614271
0.4692461 3.601833
0.5187138 3.302961
0.5096192 3.200694
0.4872497 3.167366
0.4681226 3.160327
0.4284123 3.072939
0.4011389 2.965622
0.4155586 3.181366
0.4483159 3.317119
0.3769828 3.233329
0.3649631 3.137176
0.3747726 3.238052
0.3505718 3.057406
0.3212155 3.02868
0.2960387 2.946524
0.3024058 2.876957
0.3463143 2.839616
0.3596183 2.862818
0.3961215 3.014179
0.3806484 2.999231
0.3994195 2.9857
0.4173498 2.9997
0.3845246 3.126574
0.4038939 3.083642
0.4346343 3.000492
0.4025706 3.04895
0.4196777 3.134916
0.4540565 3.112148
0.3875988 3.123834
0.4544443 3.23009
0.4677884 3.263026
0.4616965 3.360087
0.4707114 3.293748
0.4517324 3.217141
0.4571 3.299579
0.4447062 3.313873
0.4686041 3.469548
0.4625426 3.455504
0.4526829 3.294753
0.4313553 3.13676
0.4308465 3.186659
0.43267 3.144691
0.3775689 3.169049
0.3695661 3.263176
0.3799607 3.294739
0.3529693 3.298773
0.3450817 3.42594
0.3386837 3.674446
0.3543793 3.906304
0.3612892 4.066346
0.3655465 4.429565
0.3493752 4.311712
0.3172524 4.384867
0.3206868 4.236857
0.377249 4.316244
0.3307802 4.37538
0.335103 4.431165
0.2629263 4.368475
0.270655 4.337083
0.2977861 4.265883
0.3109933 4.362852
0.279069 4.398643
0.2904662 4.283337
0.2494843 4.145207
0.2202134 4.255738
0.2484888 4.397244
0.2750532 4.650903
0.2931247 4.675539
0.3051658 4.813129
0.2874739 4.613061
0.2816973 4.4595
0.2873325 4.53612
0.2644786 4.446213
0.2636114 4.431587
0.2980796 4.281386
0.2906154 4.281273
0.3220348 4.270669
0.3525485 4.44829
0.365539 4.742031
0.3890863 4.864171
0.3703996 4.629148
0.3721381 4.750107
0.3795324 4.736374
0.3438341 4.830503
0.3347565 4.708648
0.3569499 4.895803
0.3241139 4.941504
0.2949109 5.129663
0.2813169 5.070084
0.2990067 5.097589
0.309421 4.962956
0.3156279 4.800007
0.2889764 5.045201
0.337416 5.091103
0.3532853 4.883906
0.3516382 4.79096
0.3603088 4.586149
0.3603472 4.86382
0.3546188 4.761959
0.3342358 4.474415
0.3752864 4.265026
0.3840035 4.187583
0.3893971 4.059715
0.4116484 4.072182
0.4381262 4.133013
0.4832612 4.081594
0.472819 4.225435
0.4877571 4.265181
0.4599586 4.462678
0.4369589 4.234338
0.4241166 4.281523
0.4326466 4.371307
0.4223128 4.096378
0.4233084 4.318392
0.4286609 4.060545
0.4158214 3.800177
0.3359149 3.856513
0.306529 3.956301
0.296621 4.148929
0.3079874 4.289296
0.3022877 4.186985
0.3012714 4.097823
0.3128031 4.39383
0.2726591 4.29128
0.2569241 4.153374
0.2701967 4.311737
0.2804041 4.459792
0.3239967 4.571981
0.3131449 4.589957
0.2977202 4.437731
0.315679 4.309278
0.3262167 4.46297
0.2765778 4.297722
0.2982408 4.345164
0.2989908 4.603668
0.2999708 4.495206
0.268584 4.802525
0.2451209 4.538976
0.2563672 4.537976
0.2511673 4.938676
0.2621804 5.016492
0.2731319 5.006002
0.3047672 4.838785
0.2868521 4.761733
0.2827097 4.632044
0.3218357 4.640303
0.3181715 4.58968
0.3242168 4.829408
0.3829738 4.752013
0.4350672 5.021481
0.4147877 4.938114
0.4554785 4.702159
0.4729669 4.559217
0.4701683 4.257155
0.5245782 4.21122
0.4743054 3.940458
0.4756727 3.924828
0.4737898 4.040388
0.4258283 3.877915
0.4427781 3.875997
0.4232214 3.779434
0.423085 3.737642
0.3951588 3.728437
0.3594038 3.625242
0.357003 3.372744
0.3799725 3.516569
0.4015048 3.391377
0.4142171 3.315872
0.3974721 3.293531
0.4171092 3.369113
0.4303437 3.339142
0.4095732 3.337858
0.4034558 3.469768
0.4853265 3.490165
0.5086504 3.520473
0.4896093 3.49146
0.4664094 3.574181
0.469261 3.710152
0.4714741 3.935259
0.4412165 3.733483
0.394045 3.744631
0.3546786 3.859014
0.3601005 3.756855
0.3714511 3.723523
0.3117219 3.776803
0.3670512 3.61751
0.3700487 3.531681
0.3278005 3.643589
0.3219988 3.741709
0.3373709 3.722281
0.3091261 3.624936
0.3133532 3.564248
0.2789569 3.43478
0.2571339 3.327833
0.2421388 3.382282
0.2491427 3.197767
0.2638695 3.462243
0.2641574 3.318142
0.2686778 3.390131
0.2329004 3.530624
0.2661276 3.541386
0.2337439 3.823725
0.2696381 3.62245
0.2789364 3.572736
0.288113 3.673139
0.2835545 3.586205
0.2824113 3.631704
0.2450374 3.714754
0.2585412 3.910205
0.3274725 3.992342
0.3120952 4.055897
0.3641053 3.729041
0.3886693 3.68424
0.4072462 3.786067
0.3683289 3.731123
0.3540969 3.689675
0.3821949 3.521019
0.3905891 3.585927
0.3652274 3.317417
0.3513799 3.083756
0.3669274 3.231396
0.4015577 3.349049
0.413229 3.455242
0.3713824 3.124342
0.3837892 2.983372
0.3885177 3.082204
0.3668298 3.126548
0.3802778 3.353844
0.3934575 3.442191
0.4029483 3.395554
0.363447 3.358078
0.34147 3.331593
0.3055939 3.380794
0.335606 3.340332
0.3460443 3.557771
0.3678795 3.68183
0.3583266 3.711497
0.3277985 3.435418
0.311179 3.458888
0.3160478 3.294171
0.3077743 3.400236
0.255907 3.344805
0.2192609 3.424951
0.2217569 3.527354
0.2485576 3.380467
0.2796913 3.671538
0.3006296 3.724456
0.2877214 3.718844
0.2584945 3.543823
0.2644435 3.637302
0.2384831 3.493356
0.2531574 3.48679
0.2058219 3.584279
0.2228591 3.296552
0.2088932 3.309966
0.2033356 3.359855
0.1899548 3.300463
0.1894146 3.403328
0.1808156 3.305429
0.1512716 3.276774
0.1472387 3.231544
0.1644948 3.204986
0.1656836 3.233804
0.1365849 3.105094
0.1600731 3.218859
0.1574377 3.371552
0.1490855 3.430102
0.1557165 3.566657
0.1984779 3.708555
0.2512038 3.675405
0.2201114 3.520209
0.250571 3.373777
0.2405188 3.530349
0.2409233 3.921505
0.2135571 3.72675
0.2065306 3.649401
0.2125064 3.633414
0.204319 3.630579
0.2442721 3.617426
0.2289905 3.484897
0.2294518 3.373689
0.2911536 3.491865
0.2941257 3.46987
0.3185338 3.571331
0.3622166 3.708766
0.4004432 3.567432
0.4247708 3.542227
0.4188568 3.582295
0.4654606 3.605305
0.4541696 3.709478
0.4548553 3.706743
0.4606586 3.581577
0.4721894 3.606885
0.45116 3.583332
0.4583719 3.392228
0.4458228 3.351118
0.4479795 3.305252
0.4267571 3.221195
0.4044334 3.333913
0.3988493 3.437084
0.4033698 3.479379
0.3715192 3.533871
0.3932241 3.629315
0.432505 3.56375
0.4508814 3.455418
0.4867871 3.491943
0.5363681 3.799427
0.529888 3.819691
0.5278922 3.790472
0.5296888 3.816336
0.5045836 3.581405
0.4405761 3.522391
