181.5998
178.7779
181.0821
183.4378
182.7486
185.9118
181.0289
180.4728
174.5862
176.562
178.1875
184.3174
189.8524
184.5988
183.3452
177.4738
172.8337
170.5505
165.3782
167.3268
167.9407
167.3262
167.243
165.3429
168.4007
160.8928
155.5559
150.9898
160.5629
162.5984
161.1954
161.2116
162.2273
162.525
158.1737
160.3065
161.716
157.4037
154.0696
148.4711
149.4467
160.5716
156.3395
152.2841
153.0522
155.9193
152.7944
147.8257
140.5795
136.2283
138.3784
133.6388
133.5802
133.8967
137.23
131.4078
137.1926
136.3556
136.6725
129.0874
122.0201
119.2331
120.0301
123.2448
127.5766
128.774
136.7008
142.2322
141.3824
146.2506
151.8082
153.0746
150.6046
151.6158
153.3159
159.1803
155.6115
156.3962
163.1563
174.6607
172.8304
173.2643
176.0824
183.9546
178.978
185.2949
195.6215
191.5223
181.8198
184.45
177.5749
185.5054
182.1302
172.0174
181.9387
178.1573
176.2361
172.8738
172.9929
176.9691
177.7038
178.4463
171.6858
171.8174
172.3474
178.7502
174.0105
171.2808
164.5443
175.2129
175.8233
181.4966
177.3636
176.0788
178.1649
166.4971
169.204
165.5292
162.037
158.7127
160.9854
157.4284
158.5846
150.7459
149.2297
156.4952
149.0596
156.3199
154.8106
153.3511
152.2325
153.6564
156.8453
153.8851
153.9358
150.6568
150.3749
148.0334
147.7735
165.833
171.0682
167.2797
167.0661
177.8894
181.9639
176.9145
176.6152
179.7716
172.7176
164.22
168.5684
162.9938
161.1112
160.5177
164.7402
170.2475
174.116
178.4024
180.1187
174.4647
171.7682
174.454
161.4353
163.2559
158.5625
158.49
158.3678
156.7042
163.2979
171.6517
175.168
173.1782
177.3907
169.7708
173.0026
174.427
186.0742
182.7362
178.0036
184.8828
192.0166
191.1335
189.5912
186.2496
176.4498
170.6978
175.6373
178.6406
175.471
175.1966
177.621
181.1496
186.1988
197.2821
205.6897
192.8639
200.6905
201.7307
196.4375
195.8405
192.6711
188.3433
192.5031
192.0143
193.5889
195.7052
197.2476
196.9732
199.6306
198.742
207.0377
200.0107
188.5962
176.8098
185.4067
189.0423
194.6869
190.731
189.5085
179.6441
181.5314
184.2072
184.7798
182.6357
183.6581
178.8843
181.0949
174.7501
171.4878
168.3644
165.2299
171.7743
177.9203
171.6703
166.8731
164.1977
174.0692
171.7824
166.8866
165.1238
177.5167
178.4149
171.8087
164.5657
170.4732
173.7745
173.1192
172.8226
171.183
175.6861
174.3538
173.9485
169.5393
173.1574
170.8383
167.8452
166.2117
162.9576
166.9493
166.8354
178.8679
180.9015
183.5111
186.3972
186.2601
192.3678
187.7236
181.2653
178.7927
171.2808
176.972
180.0297
177.2428
173.0095
169.7344
173.0222
174.9596
171.248
162.0417
166.0116
165.2694
170.0457
173.153
174.381
177.0387
171.5008
172.2905
171.7297
164.6204
171.4743
164.3418
168.154
160.1341
158.8851
162.1409
163.2884
162.8715
169.3777
162.9169
169.0286
165.4344
168.3546
166.8132
161.5419
167.1707
174.2028
170.1506
169.1421
165.9326
168.5066
167.6564
165.3288
162.5926
152.6318
158.7178
165.5542
176.5983
174.8821
168.3371
160.5888
154.4232
161.5127
158.3359
157.5314
150.4143
148.0626
147.8851
153.2585
154.4736
157.2651
145.5829
149.1427
146.7129
141.1742
146.3574
146.605
144.7794
143.8545
135.4496
139.3018
148.3127
151.6215
152.6943
142.9952
148.3846
140.1656
146.0853
150.7662
154.3315
157.1104
167.7215
167.2625
163.7021
166.7844
171.0477
185.1565
193.2053
192.56
187.8585
188.929
191.5433
196.5664
196.5634
193.2485
187.7484
184.2963
186.3551
185.2696
175.7318
181.4022
184.9761
183.1506
183.716
183.7598
180.2247
178.0793
174.3833
185.1992
186.7579
192.7434
186.7014
180.4429
171.1948
178.8454
175.6472
174.1729
173.6149
176.2181
175.6373
167.335
170.8346
187.4486
180.42
176.8638
168.2923
174.1088
179.6378
177.1181
170.2169
172.5773
167.8677
170.3192
165.8055
164.4857
159.5627
159.7504
156.6653
156.8433
155.7527
152.625
150.1954
153.0633
162.2742
158.3885
153.1933
160.2914
151.9465
152.1263
152.7205
150.779
158.342
164.0931
170.451
167.2558
173.7356
178.4984
180.7427
184.464
185.3006
182.4124
174.9882
169.3605
170.3999
160.7157
161.8072
164.7178
173.0707
172.6823
167.7821
168.6042
172.076
172.4236
169.2092
160.8413
148.1595
149.2432
141.0143
145.6164
149.8929
152.6294
153.0312
154.4883
150.2882
143.1165
141.1161
144.0369
155.0388
150.3135
145.535
154.5689
154.5378
156.3306
155.5843
159.3506
172.1646
171.8464
172.666
181.6592
178.9276
182.2121
179.2432
168.8272
177.8923
171.6521
166.3419
164.9177
165.3511
159.9242
151.6707
157.1515
159.4
161.6377
161.9783
171.6462
169.4792
176.9616
175.4158
166.2862
154.9258
158.5025
156.0777
154.7008
160.6191
167.4937
163.9662
163.4701
169.132
176.6109
175.8663
183.1576
186.3229
184.0274
188.7754
175.572
177.5603
177.3958
175.3866
177.1613
174.3468
169.7559
172.7324
166.5445
165.3742
172.9274
176.1612
177.5974
175.8499
176.4723
182.1567
181.8987
178.0792
183.3882
188.527
184.1101
180.0363
184.6834
181.7844
180.8902
176.3828
177.379
170.9084
168.5576
169.1218
165.5836
161.9868
161.4565
172.1769
170.0128
175.2847
168.4719
174.5408
175.5014
173.7697
167.8881
170.3059
170.0269
168.3553
173.1932
168.4616
169.3446
171.4823
176.9988
179.423
181.0038
176.9
178.0882
175.2533
174.6998
165.8328
166.4217
165.821
162.1121
163.2862
165.3433
169.2556
174.9709
175.1485
178.7911
174.2845
166.2086
165.4247
163.7514
164.2433
163.3353
161.748
164.1951
171.99
179.2383
184.451
184.226
181.5866
173.7166
174.2424
177.7355
175.0069
173.3914
165.07
174.282
175.2258
177.3038
170.7662
167.4638
171.8029
168.6934
167.5108
168.5319
168.9553
173.6447
164.3067
162.4901
171.3039
178.5931
186.3621
188.4489
187.2509
187.4767
182.0718
186.291
188.2058
185.1162
194.4926
188.5303
186.3728
190.879
186.015
177.8313
167.6091
162.9785
173.1006
165.8717
161.7781
162.6983
160.8268
155.9269
149.5915
155.2863
160.5745
166.3983
162.8118
171.0082
172.9953
171.902
170.8791
168.6856
165.7882
170.6282
170.1893
178.8617
183.2323
187.4112
191.182
187.2713
181.4991
175.4121
174.8269
177.0475
175.8786
178.8895
180.7253
171.1678
171.4053
176.5538
177.654
181.7951
177.3037
189.0329
186.645
187.4388
193.4122
189.4651
189.2608
199.4849
191.1157
186.52
182.8183
184.1478
182.0831
181.8963
180.9292
178.4619
186.2964
181.8141
178.749
174.8399
179.5814
168.6443
173.9422
179.1161
179.2878
183.3897
184.948
202.0122
202.955
202.9664
203.7757
196.1615
195.994
192.8863
196.5102
198.5598
198.7948
187.403
195.3378
197.9937
197.7171
191.1221
192.6014
199.6972
198.3588
204.2204
199.523
205.6182
209.6552
204.7194
207.1558
206.0103
199.923
193.1782
193.9176
192.6827
196.6793
191.3062
188.9303
188.4943
185.9327
193.7701
198.913
193.6194
195.882
193.3156
191.1459
196.3293
188.069
180.4984
181.8794
178.5707
174.2437
170.0732
173.3777
172.4429
175.5695
180.9056
178.8239
170.0095
168.6575
161.138
159.8596
151.7405
147.3676
148.0218
148.9796
150.8711
155.9126
166.1403
171.1303
175.3423
176.8247
170.2478
170.3071
171.5733
177.5806
181.0454
182.5466
185.6461
179.2591
171.7647
156.6694
149.5455
144.2639
147.2817
147.0203
142.9829
142.995
140.8963
133.7414
131.4009
132.144
132.8173
122.9973
125.5199
118.4441
109.5828
105.1722
108.0777
102.3255
102.0941
111.0811
120.8648
125.8775
119.9136
109.3406
110.4021
108.9143
110.4544
110.9355
113.9341
114.0977
113.8679
120.3394
113.6814
121.755
120.141
114.3736
114.7994
113.9621
110.5297
116.1238
116.5197
125.3573
123.3062
118.8655
116.1653
106.2358
106.4937
109.2796
102.5116
107.5516
104.3509
115.7302
116.5701
112.2024
116.4994
123.0088
118.6345
121.057
113.6398
108.7413
103.4466
109.116
109.5302
110.9525
113.7601
119.0575
112.7746
112.2124
114.6346
109.7426
112.3306
107.884
109.6347
103.203
101.5366
108.568
109.5694
110.8218
110.8341
101.6838
98.14267
100.4642
97.07509
91.06793
84.18527
87.01897
89.82613
90.72065
87.50575
93.11132
97.86648
96.8493
103.1355
99.90166
93.42173
87.54858
81.86611
79.91743
82.86331
80.19148
85.10767
80.99083
76.01013
79.65234
91.27137
91.52289
92.1074
98.68061
97.76665
94.40294
95.02732
90.43689
97.24322
89.16162
85.37588
89.29739
92.75566
89.39453
87.41594
95.05212
100.8699
97.65268
99.6525
102.3176
97.98108
102.6807
109.0417
113.2187
118.5523
115.1374
112.5587
111.056
108.4064
110.0149
104.9203
104.5135
96.09852
103.5734
100.7949
102.3534
103.7997
100.3321
99.13935
100.858
100.1274
106.4286
101.9077
99.72678
90.21183
83.87855
83.48115
84.93636
85.08718
73.22264
79.61306
80.14065
77.17984
70.86277
81.18202
86.83488
76.82588
81.15114
85.24423
84.62968
85.8294
88.92542
93.75751
94.47919
85.39512
80.92431
77.70772
78.70767
69.86676
62.55017
74.96711
75.82622
84.6826
87.86365
95.16868
98.41442
98.2968
85.319
93.42302
96.78371
97.44292
95.89568
103.4594
109.705
118.1066
122.9388
117.3523
120.1461
128.9926
130.8762
135.1346
139.2039
140.089
134.7588
139.7583
138.401
136.0375
130.8224
132.9571
134.8253
131.05
127.2592
131.6904
130.4219
127.9652
116.7944
119.4626
116.8007
116.5387
115.3907
116.8691
115.3074
114.4858
121.3437
129.18
130.8967
141.0123
146.1895
148.4574
145.9365
149.9072
139.9695
144.5127
148.231
151.2175
142.1544
145.7433
147.3966
142.074
139.8385
142.2015
144.1445
150.6437
152.448
153.1677
151.7738
153.42
147.8452
146.6999
150.1527
153.3125
163.6965
166.9838
171.2434
165.968
174.0002
180.1731
180.766
184.2523
183.3285
181.4511
174.4726
170.6512
173.469
169.1877
174.3133
176.878
173.9436
172.4945
169.2511
171.0892
171.358
174.0375
171.0053
168.1845
169.9287
169.8557
162.0783
160.7048
168.4291
177.0588
166.277
158.6416
162.7313
153.19
155.1052
168.2217
164.071
175.3135
178.4963
180.7426
184.309
177.1466
175.3693
174.1907
168.9751
164.6369
158.2167
159.5833
166.7353
163.9203
160.323
157.5283
159.2423
163.529
164.7714
162.6188
172.4609
174.4767
174.3516
178.4001
180.4684
182.7236
175.8013
172.9271
175.7573
172.3284
168.8719
159.9243
149.9779
152.8928
151.3264
153.0651
141.6546
151.7939
149.6355
155.1175
155.6636
157.4977
156.962
154.1758
158.6556
158.4915
158.3421
161.6877
167.814
171.3501
177.0995
181.0526
177.008
171.0805
162.9067
179.9145
180.7771
189.7187
192.9351
191.9908
184.0644
183.2746
184.3264
192.4951
194.5539
200.961
194.9507
200.691
200.9531
207.8361
206.745
204.8572
208.6474
201.7454
207.1157
210.7313
213.7327
213.1501
205.6101
210.9238
227.1153
219.3662
221.6017
220.2727
221.3699
215.6358
198.7396
208.1759
215.5753
212.0865
204.8491
199.1867
205.8715
202.0231
211.1305
216.8977
216.5827
214.1692
219.1624
214.2634
212.791
201.4421
205.4956
209.0067
202.2283
203.6038
204.2283
201.1952
202.0549
201.7511
204.5097
204.1525
195.1573
199.841
187.1249
190.1346
177.1671
176.3278
175.4545
181.7699
181.1001
183.063
186.6589
182.7333
170.5497
174.1754
183.0403
188.334
181.3921
195.1248
202.7964
205.7749
206.4895
206.0519
210.8555
211.9838
216.8493
207.847
211.555
221.9359
221.8789
222.1174
218.5371
213.0279
207.1031
211.3023
207.2508
203.4689
196.0667
200.2388
191.113
190.1445
187.9331
186.6888
188.2145
187.0915
200.3934
205.8043
201.0078
195.9065
207.6624
206.274
204.0839
199.9618
197.8432
198.0096
201.3059
204.0985
194.9881
192.863
192.297
190.8369
193.6886
188.8621
198.2403
198.3959
192.6634
188.6614
189.9306
184.3486
178.0545
193.0596
188.4965
186.954
194.3966
202.8226
198.7868
207.1487
214.5544
221.6273
218.8483
214.8987
218.8324
216.8388
212.5375
211.8977
210.8507
195.5463
205.5181
200.8456
199.8512
203.8261
204.7524
205.2208
205.6553
204.7941
217.1032
212.0035
210.6196
207.0671
206.2859
210.9033
216.8577
220.0409
214.3945
222.0651
225.6087
231.2217
219.0136
220.501
226.431
228.9112
221.9716
229.7378
235.2998
235.215
242.2309
241.9855
240.6599
251.7836
246.344
244.9337
241.1041
242.036
243.8333
239.8947
242.8374
239.9682
240.4155
236.8624
233.8555
227.764
221.9282
217.303
218.1528
213.1127
205.6856
212.6866
202.7023
210.4944
219.2016
211.7418
213.6222
220.9424
232.6436
233.1582
231.7678
227.3729
224.8536
219.68
215.4728
219.2149
225.2768
225.1337
229.7267
220.0911
213.8045
219.742
221.9521
219.6317
216.0751
221.2328
219.2205
219.1559
222.6954
216.2207
211.9481
206.6303
212.0341
211.4269
215.0133
212.0209
208.7236
202.3208
201.0505
206.6669
218.5873
226.2233
220.3695
220.4831
221.9375
219.5316
211.6567
210.0834
214.1461
212.2949
212.9386
215.737
207.5951
197.736
196.6571
200.8044
205.2975
202.646
204.5945
208.196
209.222
217.7909
224.8453
214.6798
211.7142
211.0518
216.7008
218.7275
215.0559
213.7794
211.4063
210.0697
208.9984
205.6171
206.5702
208.9857
216.1063
224.6954
214.753
217.8292
223.004
222.2228
230.6548
236.2706
232.1027
232.1484
227.2966
232.4973
234.7879
238.3929
241.2205
237.5215
230.2673
231.7812
232.2676
219.8746
221.0676
212.4519
219.6309
207.9994
195.9824
189.5217
185.5139
180.3122
169.3429
177.2391
170.2014
173.2144
172.1184
171.7311
176.1387
171.4681
172.4246
177.1357
179.2366
192.1875
185.3708
181.1378
175.4081
180.8978
175.6655
170.0303
172.3605
177.1134
169.2368
165.0732
165.8504
171.0118
166.7996
170.6053
167.5099
169.9009
160.2965
170.058
163.1293
165.9511
167.7859
170.7794
165.4293
172.9538
173.0135
163.3937
146.6497
152.5715
158.8888
165.1032
154.9533
154.1195
144.1666
143.7036
148.7903
142.1145
141.9819
150.6185
151.1089
155.7195
161.5852
165.295
168.8581
169.7835
163.0199
162.2309
158.9881
156.159
157.2849
161.0703
161.7317
158.7073
150.6234
153.464
148.487
138.9541
144.7268
135.4815
139.5067
140.9311
138.5946
144.7183
150.1235
149.4758
157.0581
148.7659
140.7867
144.9459
144.8242
148.195
144.1471
139.3709
146.3919
142.7234
149.4689
150.1967
156.1763
160.3979
160.1044
168.7305
168.2582
161.4973
162.9936
159.4229
159.3468
151.651
146.9919
143.9488
145.9449
139.9172
142.0447
142.0554
144.8664
142.621
155.4325
154.7183
162.4257
157.0401
154.3758
147.4141
140.1524
137.0938
143.942
143.8964
149.7075
151.309
159.7566
172.8978
172.6199
171.77
174.4053
176.8457
177.4002
184.6574
191.9068
200.3605
195.3125
202.2407
201.2139
197.0663
198.0127
196.6967
207.5185
210.2953
210.9143
213.9612
216.8791
218.7706
209.3335
218.467
226.034
224.119
222.0921
226.2016
223.7138
225.6653
228.7821
229.2696
233.0766
238.1241
240.7257
242.5182
238.6104
238.9159
238.9855
238.3876
231.5089
238.9929
240.8687
253.6691
257.3075
257.5989
266.2132
263.4479
259.273
262.2927
255.4425
252.0395
258.3964
250.3394
251.1457
247.9757
251.0864
253.84
255.409
254.3477
260.3117
251.7636
252.7147
247.3784
244.5056
240.8058
241.1392
244.0137
245.8625
254.9231
256.1039
257.0698
248.1825
241.9242
248.5167
249.8884
243.5387
249.4179
251.4747
239.3751
239.8346
239.0339
225.5905
230.521
241.0742
236.2855
243.0448
249.6638
260.5576
257.304
255.5427
251.9644
258.7823
260.5765
253.8454
258.6282
258.1848
255.1355
255.7361
256.6944
259.7058
261.9798
265.2241
266.0511
261.721
260.499
254.1601
264.0758
257.9867
262.8406
263.2966
266.2116
272.2885
268.4533
269.5143
274.4469
275.1078
277.9112
283.2575
279.3741
279.3673
281.8428
282.8804
273.4721
265.2666
258.0484
258.8733
261.6882
259.9446
258.0446
251.4129
256.0223
257.3629
258.0344
258.6604
260.3466
261.9301
267.3459
269.5077
269.3387
271.6432
270.4527
273.9294
274.2778
272.032
269.5821
272.2911
270.2262
276.1721
277.7459
275.1007
274.7529
272.9775
269.6659
272.7705
273.3998
280.3587
280.9081
269.2306
260.6857
262.6326
260.4531
265.7737
266.4063
264.7473
267.6882
271.7863
274.1351
279.2719
275.5254
278.2325
280.4659
272.8616
273.9421
276.0985
274.3494
273.7457
275.2974
277.4207
275.0552
265.2619
252.2662
252.3083
246.2915
238.469
226.8411
223.3236
222.6887
217.6508
209.3351
209.7318
200.4096
201.9457
202.8305
211.317
205.4899
210.7008
204.2439
196.6876
197.3513
203.7309
201.0914
203.3055
202.2186
196.1939
194.2792
200.8386
200.258
200.0594
214.864
214.6246
211.5859
211.2891
212.1071
210.9985
206.5865
218.4752
220.0729
209.8349
212.4928
211.6738
203.6821
204.7872
198.722
196.4644
209.0839
206.4978
199.7849
205.0847
193.9119
193.3571
197.0977
193.3494
192.9912
189.1574
184.8842
192.1454
184.8504
179.6727
184.7018
177.6752
180.0707
186.8294
175.6567
174.7543
169.5783
171.6658
165.9089
165.7118
169.3124
168.7661
167.1716
158.4443
154.2372
150.7648
150.4223
157.9968
167.3753
164.8382
169.1947
157.7184
164.8837
166.7848
172.7352
183.3973
174.3248
169.8711
172.5389
179.3678
180.9879
184.889
192.8569
184.51
177.3497
166.023
166.8246
172.9771
169.5757
169.4557
167.1899
160.5322
159.2232
160.5616
166.9423
166.5251
174.5107
178.7162
183.7271
190.6434
193.5345
201.859
205.0547
211.3202
205.0218
206.6538
200.1436
195.2305
195.2586
192.7117
192.6424
192.5955
188.6157
193.6459
200.0666
208.7039
203.009
196.0615
198.7844
200.1271
204.9941
206.9607
211.7614
211.025
214.2242
212.9793
211.1527
205.1162
205.9013
202.422
206.9102
204.9435
204.1195
204.9166
204.8436
204.7642
209.2015
215.4301
210.655
207.1953
198.0176
195.0882
195.569
197.5634
199.15
206.8127
214.6293
209.6714
209.44
220.193
223.2868
224.3242
213.1906
216.3861
220.9048
217.7546
233.0704
233.8328
239.1275
236.9636
232.774
233.2146
239.5279
232.0243
226.3465
228.9618
234.5336
233.74
240.0302
238.4571
241.1846
242.2053
246.0502
241.7454
255.0771
256.0173
255.3823
258.9592
260.5836
256.6187
261.8698
260.9558
265.5934
266.0218
269.4942
271.1745
263.4633
271.1886
279.5473
273.5908
274.9851
277.5587
278.3754
279.8397
288.3533
292.5102
285.0079
282.0411
288.0278
289.2635
289.6013
291.6908
285.8676
274.5637
277.4081
279.7397
279.914
277.1001
274.8872
272.1944
269.9147
268.5455
268.1293
256.1209
252.2294
247.321
249.086
249.0381
244.5551
242.5321
247.0867
248.24
238.4224
245.3321
238.6671
241.2648
239.7505
234.0365
237.3292
237.7009
229.4515
227.4061
226.2425
229.3876
226.2984
220.9272
231.0282
229.0884
221.3107
215.3973
208.6462
209.7597
215.0664
216.302
221.2648
226.6402
217.5426
222.5282
212.414
221.3627
220.7403
218.7783
204.1608
199.9393
201.059
197.5601
197.709
200.7235
203.3542
201.8522
209.49
215.9385
217.3787
207.0347
210.7445
210.1681
208.4257
214.6628
215.4823
219.6702
216.9216
221.6441
226.5997
220.7298
210.9694
204.8791
199.9197
196.4762
194.883
196.4295
202.2656
193.8591
190.1627
195.3354
191.6269
184.6327
171.6429
174.3561
175.6916
181.1109
175.4759
190.8761
187.0549
180.0446
180.8955
180.0327
184.4276
192.8868
190.4471
192.6996
201.4339
202.9449
195.107
200.1323
197.4369
208.794
200.8522
196.8494
191.3098
193.7632
193.7593
192.0268
187.7635
194.3029
201.6243
202.5053
211.2019
207.9358
205.5036
204.6032
200.7524
205.9259
210.4911
206.7711
213.4766
217.5041
218.5238
216.9536
210.9813
201.496
192.1966
195.1288
198.1974
199.6534
204.9313
203.1795
198.5115
214.3061
218.0663
208.6113
216.9748
222.0642
208.9075
213.4191
226.58
213.4053
215.9169
215.3738
217.2705
214.7974
208.4165
205.7306
203.2267
204.5951
209.7
204.4796
197.8776
192.3368
184.4432
182.9865
174.9141
169.8668
170.4224
166.3361
162.6947
164.0169
161.5585
167.5391
161.0773
162.739
165.7447
158.5257
157.2405
155.149
149.4379
151.7788
144.3861
144.2227
141.6526
134.3641
132.6787
132.6887
133.3188
135.24
136.1011
145.28
151.4088
156.0898
155.1932
152.7282
158.9967
166.4049
165.4211
168.2275
171.5368
182.1496
190.4433
187.777
175.7877
174.4814
178.1195
174.9702
184.0309
181.645
186.6396
184.2469
197.4947
198.2203
206.9333
200.1032
195.4331
195.6986
198.2879
206.3756
204.6584
208.2367
209.3758
206.6886
204.6503
203.9306
210.4667
214.8794
214.3809
214.5887
209.9857
211.1531
215.4894
221.6116
219.736
224.7047
218.1598
211.9697
211.6134
210.6276
215.129
205.7472
197.7371
187.492
185.3221
188.118
185.3127
193.9208
197.6047
197.7221
194.9554
193.3249
192.6678
191.9439
198.5579
206.1255
204.7267
199.1902
190.8703
198.9752
202.8563
191.4107
185.0499
181.4049
181.3563
179.5009
175.0625
188.7426
198.8038
194.3988
197.1823
194.4458
183.3167
182.4285
181.287
185.1398
189.4466
184.6156
180.3146
185.7195
187.1631
184.9245
184.0277
178.5812
176.7134
173.8698
171.8245
161.2382
173.3652
167.8786
156.2202
162.7891
155.4067
170.1688
163.8684
164.3664
167.4484
164.1748
150.753
159.5462
163.2037
171.9154
169.2041
169.9587
179.1664
176.1959
179.9001
172.1468
174.4696
175.9511
164.4467
169.5509
172.7428
171.2262
175.498
174.3899
176.3108
179.8407
183.2989
183.5889
189.851
193.6539
199.6214
199.9415
200.4969
203.2587
202.8466
212.4132
206.2527
209.8968
206.3083
213.0714
219.105
224.3682
220.6202
221.1296
228.8627
227.4493
225.8614
230.8073
224.529
219.1568
223.0632
224.3503
229.103
223.4667
215.8471
219.74
226.098
215.621
225.8382
229.4693
228.5091
221.9779
220.2217
225.8159
215.6158
218.8176
218.1385
229.0711
224.9693
214.3375
220.4818
212.3344
219.2052
227.1854
228.6342
235.8832
222.9681
226.4544
221.5711
221.0534
223.6531
223.9737
223.0578
227.3155
221.5427
236.1061
245.8855
247.7302
247.5731
242.3919
257.9499
257.4654
260.5472
259.5862
251.5881
246.9378
247.7814
251.0945
262.803
268.2884
262.3849
256.284
256.9074
258.3137
269.5232
263.0893
257.1774
264.5329
259.0658
257.5665
255.0153
252.7337
250.2819
253.2958
259.1301
258.5936
253.2963
258.2241
255.2451
258.7596
257.8126
257.1519
253.8957
258.4642
254.4088
251.5646
251.3741
253.8557
243.4984
246.9258
247.1781
240.9417
231.543
236.5298
236.2648
231.7736
230.9255
221.9462
230.7774
221.9857
216.7064
213.5941
210.056
208.175
210.9846
214.7324
219.8063
215.7695
212.8184
210.2088
203.4745
193.6399
192.8111
198.168
198.7845
209.0322
210.6418
208.5565
212.649
219.8218
214.6439
218.3339
229.6814
233.1312
240.7493
242.0849
233.8793
246.1133
243.5523
244.976
241.2101
233.3939
236.316
225.5938
226.6149
231.8
233.1253
235.4187
229.9639
232.3104
241.3653
240.1003
227.7874
224.4965
224.5279
228.5828
228.18
230.9369
227.7656
214.5777
201.2286
201.7691
192.9301
185.6396
190.525
196.496
187.4871
185.4787
187.3884
185.3267
184.0615
189.9883
184.4801
190.2073
188.3303
188.3957
189.296
183.6065
189.7753
184.0668
188.71
194.6439
193.596
206.5871
203.1493
204.2606
203.587
202.2363
195.3248
196.5385
196.6674
192.5033
199.1511
204.2481
200.1374
192.3431
191.897
185.6309
184.9209
189.8017
187.7585
188.2963
182.6565
188.2065
187.5328
189.9857
203.3551
210.7597
206.5131
213.2079
221.4385
222.1678
234.8177
234.034
232.5125
226.7719
228.9799
231.6244
232.0679
225.25
229.3167
224.5491
218.2834
215.2053
218.121
226.1695
231.3673
223.6586
223.453
225.9819
228.1525
218.7363
212.1081
207.3033
202.2681
202.5629
204.2908
200.3553
203.749
201.2407
198.7507
193.0149
194.6483
198.0822
207.038
210.0863
203.6998
200.9672
205.7511
195.6795
192.7508
195.0683
198.4889
189.4668
180.5731
186.0406
179.8243
174.6738
173.5105
160.0293
152.1247
162.859
163.7864
169.0761
176.6839
173.9906
172.9443
175.7268
180.3558
193.9229
188.1391
189.7217
193.0706
195.7977
186.6274
192.513
190.8595
181.504
176.0914
174.8269
166.0254
174.485
171.2562
177.6764
187.4503
187.1617
185.8725
183.3093
178.733
180.3869
180.5029
183.2429
182.6425
183.9374
176.9773
173.0229
173.6547
166.0591
171.955
170.4273
153.0216
151.6862
146.8451
146.9008
147.8323
147.9339
148.7977
154.2591
158.8599
161.711
164.107
162.1966
164.1096
165.7212
160.9548
172.0026
158.8883
157.9269
159.8302
162.3896
166.1852
169.2266
170.284
164.6421
160.6522
170.7079
176.254
175.9746
175.7276
169.1821
172.3611
177.5923
178.717
187.3488
199.6134
202.1951
205.8468
206.4956
204.5828
217.8266
212.6738
216.1863
212.536
215.3012
223.0265
217.9034
217.5378
217.7859
212.2996
204.7678
213.3514
211.7944
211.9509
211.3324
210.9038
206.2293
203.5544
201.2536
208.6068
203.6454
211.5268
212.6763
212.0019
208.1535
206.0055
203.917
201.3711
209.0729
208.1148
208.1796
205.7191
204.2694
203.6319
204.2276
207.07
212.0373
199.5887
194.8412
188.9256
191.4336
192.3935
185.7521
188.4912
182.9731
175.7069
165.8854
183.786
197.3865
199.565
205.8501
203.17
205.3524
204.4657
191.0241
183.6189
194.8993
201.6616
199.2878
199.7095
206.3511
215.1729
204.767
201.1069
199.6937
199.5123
204.9778
201.3232
221.3273
230.3305
219.2749
231.7939
225.2693
217.5343
210.7467
206.2438
202.725
205.9273
209.6833
209.2443
206.0184
219.1843
216.4667
210.2348
211.4744
213.6306
207.0149
212.5995
220.7422
217.84
223.3556
225.3868
226.4841
216.2165
224.5153
226.9506
223.0325
209.358
203.2331
193.3722
199.6935
206.6619
202.0394
194.0158
197.6471
206.7063
202.8272
203.7729
207.8648
208.4035
216.7847
216.8493
213.7291
214.1444
217.0135
213.3634
206.8081
199.4152
206.3655
209.6283
215.1186
200.201
211.2236
205.7343
206.265
213.9769
219.2645
215.7643
222.444
216.4007
220.2616
227.6921
214.753
215.0992
205.2518
205.1526
203.7738
209.7687
209.5182
214.6654
214.251
214.3181
222.6108
215.6385
217.0976
223.5832
222.7188
224.3615
221.1721
223.5213
221.2072
220.4347
228.3371
237.8962
245.7739
247.1426
240.6442
243.597
238.0598
247.3445
252.3952
246.2534
239.8841
229.2787
230.2221
228.3029
221.5737
222.7253
229.3112
235.2633
222.896
226.0367
217.6974
205.0739
203.002
210.9712
205.586
201.1223
215.0801
212.8192
215.367
206.8163
206.4547
214.119
195.1844
207.8767
211.2641
221.5229
224.6047
206.8986
208.6599
209.9051
219.2633
219.4742
218.6161
212.8237
210.3222
213.6628
216.1144
210.007
209.6972
196.7151
192.6288
194.4859
197.6355
196.8345
202.1581
205.8803
201.1507
202.8285
207.4743
198.1353
180.8284
184.6741
185.6472
180.0954
170.7881
178.9138
180.3776
190.5624
187.3302
180.0446
175.9786
168.428
178.5374
175.2989
170.9261
173.5936
180.8686
181.2351
176.8994
172.3671
168.2937
168.6691
166.4724
161.3345
157.0896
157.1712
158.8336
161.7287
155.5953
150.3278
157.7543
155.5051
156.4016
155.3113
147.4113
157.552
171.3563
176.1983
172.5172
173.6894
169.7329
169.0191
173.327
168.7605
168.3299
174.6796
168.2768
169.1154
176.392
181.2184
180.5965
184.3397
184.3273
183.3552
185.4305
189.6543
196.2689
190.6127
182.3716
181.498
183.8829
180.003
180.9229
194.3107
195.0533
193.1466
190.626
185.0306
183.354
187.2332
188.5366
192.4226
203.8902
202.187
204.8072
201.4254
210.4305
202.6604
209.615
215.9386
218.8647
216.8451
214.2226
204.3332
203.6691
205.6588
206.8128
206.3056
214.1153
209.8546
206.5741
203.978
208.9032
210.6775
205.371
205.49
212.2899
208.6215
201.0599
201.4197
199.0504
194.1302
188.1624
190.1228
173.6368
169.3026
178.3703
173.5084
177.9692
183.0421
191.903
185.6482
186.0986
182.8952
190.2983
194.7676
190.9336
183.8657
193.6274
191.6402
197.0648
185.7191
194.2625
190.518
188.4159
194.7168
195.417
188.8463
197.401
194.5815
187.96
187.4492
189.3199
183.3272
192.7177
191.435
194.0395
186.7707
184.2049
182.1557
189.7217
174.4521
174.6083
182.7585
181.7521
179.801
172.8586
172.328
172.2223
169.7907
162.189
164.2792
162.3981
162.8871
166.6872
157.1719
159.5458
161.6066
158.7762
159.6832
152.9077
148.5338
152.4793
148.7743
159.167
147.2523
152.4373
152.5084
158.4406
154.5095
161.1468
159.9201
157.0723
151.909
147.0789
153.2863
149.5656
147.664
148.6625
161.2502
164.31
153.211
149.7665
162.0588
163.4367
162.3307
167.9383
160.5947
165.6041
171.3953
171.234
174.3848
176.8529
165.9614
161.1724
155.2073
150.446
148.5019
148.554
153.445
156.2855
163.2734
162.1511
156.1174
161.0472
164.2651
175.774
175.485
180.1046
184.8147
178.7222
180.334
174.8826
172.5438
175.233
169.6246
175.3034
168.1404
166.4229
158.221
158.7814
157.9142
163.5078
161.0109
156.0955
148.9629
150.4615
142.782
152.4364
149.3328
144.4142
151.5672
156.8547
154.5633
154.0722
160.4005
159.1265
161.2428
