678.9936
733.5971
721.3717
677.7576
911.8877
901.3391
892.5647
892.7873
698.1221
672.9116
761.6143
624.2002
639.6298
573.2504
788.5272
770.8314
676.578
550.111
776.1388
676.7155
711.3781
670.3548
696.8723
625.8437
736.8941
730.9662
700.1288
676.8237
790.8615
775.5206
671.2753
626.6496
1017.402
720.4336
610.9566
656.3574
542.9249
765.2095
753.3649
720.9807
678.7064
577.7266
657.8819
530.1842
810.9364
701.4563
697.0121
459.3402
520.5172
491.7055
516.5031
544.6158
555.6516
530.6923
646.286
786.5108
704.93
710.4339
729.1767
841.7018
678.7117
871.3416
823.1693
770.4467
664.752
635.8824
661.6063
861.1788
786.7353
706.7022
768.0895
689.8422
675.8034
628.1382
637.8319
637.5522
724.0153
697.0116
771.4084
784.2907
627.0044
930.85
746.834
983.8015
881.7355
718.5115
738.5157
597.4235
652.1286
634.2008
917.2849
607.9087
543.2841
717.3579
1028.473
703.269
617.3803
694.9518
738.6322
684.6873
630.1752
730.4601
688.3338
767.2017
697.1086
851.0264
918.047
825.9296
778.3993
812.3732
873.159
826.7737
581.0828
646.0782
710.9138
714.7151
858.5844
826.0078
834.7351
808.7694
864.9122
947.7563
824.1082
756.629
781.144
647.6166
908.9711
664.5929
628.0106
630.965
695.1524
497.8436
844.0797
725.8216
575.2337
609.4705
690.4799
660.8457
971.1257
704.1978
573.2945
630.6918
563.0045
654.9183
839.705
715.6531
816.7633
582.3588
591.2127
650.2094
685.3379
735.8672
838.0409
895.688
821.1412
892.3072
1030.542
950.2339
878.4637
759.3845
802.2867
673.1329
705.4195
709.3012
750.2953
724.202
734.287
814.8829
635.8387
741.4761
728.262
774.3235
844.9257
675.0665
659.0118
671.5734
701.1637
621.6286
817.0135
808.0902
729.0007
575.25
694.426
655.6309
513.5383
632.4661
863.8409
561.15
683.8493
687.8471
748.2043
668.4723
940.1996
670.4975
615.4293
645.3747
691.8075
444.0219
491.7056
434.3417
537.2213
465.8529
567.5359
592.8398
775.4129
735.2662
530.9267
641.5759
622.8602
640.8229
730.6048
775.1509
803.5211
1012.275
722.0401
638.931
841.7105
778.5577
726.2683
703.5113
901.0131
737.8692
811.2735
854.1515
782.8309
928.7124
1051.548
779.0317
651.7431
814.1916
902.6533
768.4243
854.2452
808.6946
773.9421
796.8568
731.0754
744.7034
832.9719
916.1593
866.153
1176.827
935.6716
657.0867
597.6687
670.5778
813.8076
712.1046
777.8954
616.9914
447.4429
765.9022
925.4841
694.4659
826.3881
682.3222
777.3629
649.3065
1054.617
898.8989
1064.483
993.0239
710.0392
757.5596
747.6739
748.3964
630.2011
886.9889
867.0229
805.5414
768.1972
753.5636
764.6971
794.9243
803.4075
616.7512
708.079
656.5276
529.4768
829.8389
664.0669
756.7141
825.8717
679.4111
777.2569
1017.065
678.9343
612.2683
761.0269
778.2712
763.3705
594.5962
704.6727
672.1219
710.8713
781.7885
823.7259
773.0436
763.5867
720.0522
740.4412
752.9393
667.8423
833.1019
788.1474
775.9406
822.8448
787.8472
704.1211
761.9027
854.4928
907.3845
1003.024
618.731
876.117
903.349
749.8232
896.9921
708.0759
808.927
669.0436
921.3175
805.4409
722.895
756.6117
865.6718
731.7639
821.337
762.8498
898.8871
763.6163
718.3154
593.544
761.9819
680.3416
722.191
606.9129
751.9002
669.087
678.7517
806.3762
918.9484
912.3459
1014.618
885.4043
970.2227
962.4339
965.3692
768.2856
819.5316
644.7764
737.3995
677.2128
831.6036
970.0455
740.3858
894.8124
1092.813
906.2934
773.9937
920.4333
1121.387
912.872
884.1965
858.9503
930.6125
827.1099
830.1611
1052.993
687.1296
825.9542
991.104
945.4213
1001.762
940.123
920.2437
977.0322
944.5262
1068.667
903.7498
872.3237
867.223
875.4804
963.1689
759.9115
649.6829
637.1777
851.8498
948.4621
893.0993
801.1392
1113.865
891.6318
823.8807
843.5184
832.2689
634.2946
1012.153
836.4188
851.5685
925.5728
717.3691
755.3289
819.6375
822.7866
728.2566
786.1739
937.4405
875.1683
837.3277
778.8119
773.4007
800.1236
791.4777
837.1851
1063.601
630.7919
690.5656
763.1527
606.2764
869.3557
604.2452
808.8018
748.5856
662.5443
737.362
750.6953
754.6455
950.2521
679.6051
668.8374
856.0208
547.3118
690.0654
877.8582
849.5955
822.7643
675.7428
609.9727
914.2621
822.6567
729.1327
1039.788
761.3868
712.3982
846.347
828.9902
913.5512
847.9534
762.9111
779.4136
877.9349
984.7043
789.2645
681.9465
818.3929
707.5102
765.9605
998.8029
676.4529
741.5474
876.0689
865.0777
876.7366
910.3343
1038.156
918.3261
933.7924
979.3946
839.0832
902.012
842.8982
816.9056
905.008
713.9014
742.3564
814.2941
792.7009
930.349
748.452
778.0862
723.2929
793.3829
944.9906
1003.97
710.2066
862.7867
785.7869
715.8245
898.18
751.4782
596.4749
693.5162
809.4238
885.1655
737.9158
636.8588
615.9898
739.4024
750.2516
572.8092
565.5762
496.8057
591.1079
606.2254
497.3744
684.2073
729.7326
618.717
602.767
755.9714
637.3597
600.7938
888.811
581.3914
686.8799
998.1173
888.2541
950.7331
798.9144
842.1514
768.775
635.5843
645.7209
790.5214
777.5664
812.8491
831.4134
804.8867
686.013
854.0569
786.9182
735.3545
664.2623
755.402
766.3244
606.5133
727.009
881.392
902.2081
905.4593
881.8055
838.1557
849.8647
1057.893
792.095
766.4786
777.666
792.3634
910.9073
1012.823
1086.887
829.212
887.0686
843.7035
821.1862
706.0689
592.3249
568.9586
602.0043
563.8154
460.0345
524.9077
551.5735
713.69
778.6684
575.8285
598.9535
699.2959
608.0236
712.0407
729.4423
783.618
468.34
559.4368
831.8554
870.0585
421.5531
701.0476
646.4524
614.9663
733.3904
853.116
586.3082
670.4271
687.4149
717.2466
689.6659
784.2639
581.8377
604.2388
745.5279
775.0061
744.6698
703.5453
700.9201
694.365
997.7878
603.7069
526.1248
914.5175
790.3585
744.7592
1067.96
809.4146
615.5809
709.0352
551.3475
581.6135
704.3192
792.097
872.1911
850.7214
713.6301
674.1083
685.2327
657.8845
955.7411
872.0393
779.0907
679.5376
720.5787
820.4557
918.2759
799.3902
744.7278
785.4609
765.1625
727.3581
936.1492
1063.774
704.6488
662.6158
857.5691
669.6177
718.6433
675.273
669.5946
745.3531
791.3433
770.6202
674.8252
641.0123
780.6977
774.4735
571.4258
556.8589
722.74
610.9256
758.7775
544.5863
656.0944
552.9247
656.2115
760.4504
605.2142
676.0099
752.6019
766.7681
892.281
845.1394
733.0758
840.9962
728.4161
806.3558
623.0871
642.3386
1038.724
528.7905
589.941
762.2819
548.392
746.2367
649.8871
691.1054
568.4549
692.3916
703.7426
743.6503
650.0234
764.1426
938.3497
734.2558
724.4575
547.0804
661.5769
558.6069
809.91
815.1977
800.9772
734.8463
654.6109
848.6672
808.9996
819.2742
852.5285
762.655
596.9037
660.7786
347.8352
558.7662
600.8178
528.9142
513.7839
672.5433
479.3061
499.2808
436.1255
479.7848
662.5935
599.6719
564.6657
607.7518
581.1815
801.4011
715.6493
897.2509
913.3229
877.5648
811.0725
770.2093
737.384
768.0182
711.5312
716.0468
676.0066
616.7015
644.6062
827.3574
637.8692
642.827
740.8445
881.9088
803.9375
722.5496
637.3115
797.791
760.98
620.5348
594.3476
501.427
803.9845
559.727
576.2805
1035.328
867.2873
865.0856
784.2762
754.1167
885.6924
867.3016
1049.492
908.9
896.1784
879.7163
830.3952
755.8723
646.1353
646.8118
837.0889
904.9761
882.7207
726.8313
768.7617
769.5744
526.3671
730.2582
592.6418
567.1667
760.51
829.5456
692.1649
648.7918
719.6025
830.9089
794.3072
733.4535
712.6281
738.324
736.4508
617.4593
639.5781
790.2643
808.0988
692.451
690.7272
653.1261
831.079
755.2113
708.323
709.094
569.8872
703.1651
769.4271
619.4226
753.3441
710.2666
692.3267
747.8832
533.3613
690.8698
634.8533
793.6742
705.3031
673.3498
819.2294
625.4346
588.7661
859.4667
802.6776
756.3791
661.3666
979.3951
759.8025
494.9861
526.0149
667.7565
669.1262
558.7999
522.2183
605.7218
641.5585
559.2387
694.927
578.5801
810.6538
773.2685
833.6727
566.8549
595.274
697.915
736.1387
558.9887
660.0209
581.7444
652.5449
812.5926
636.0509
686.2857
678.866
630.3203
755.4458
637.9316
528.351
596.3009
773.0954
768.8533
752.5656
692.7822
614.901
643.5253
593.0115
450.6257
552.0198
663.1377
473.6709
541.2415
579.3405
622.1494
632.3346
692.472
724.1929
509.7311
767.5878
684.7688
597.8129
596.504
610.044
687.3747
582.9258
698.5185
628.7445
659.1897
800.0744
609.911
753.1527
1093.42
764.5877
858.7013
686.9029
690.6442
583.9947
618.5256
543.4051
644.9411
718.6803
666.9205
659.2532
674.0386
838.3929
500.4629
528.7698
568.3727
666.3345
631.9752
639.6339
635.081
738.3504
835.1138
873.4904
955.1832
672.9302
860.3071
840.1225
765.9662
664.4944
845.7206
763.7149
599.0929
754.1423
649.5988
785.5368
619.6212
703.0216
920.4145
733.8303
986.5605
775.2421
964.5796
756.5535
841.1685
917.7306
638.464
834.7786
879.4429
968.1804
983.7513
828.6734
658.3936
712.1865
760.4279
644.0076
755.8767
1056.935
779.1491
797.1966
654.2692
719.3138
628.4889
829.2626
678.9912
924.9349
644.4699
823.7339
750.1716
676.6215
826.3866
760.506
766.8891
911.0218
595.1889
859.1487
763.0601
768.1142
646.0402
748.5416
734.1122
784.6113
819.9372
713.5775
779.1176
919.0303
912.3214
856.803
789.5717
1126.268
922.9483
812.2391
918.8583
863.4738
1005.68
747.9967
841.3401
1044.343
814.1612
815.8692
894.5958
973.6301
867.717
957.7417
891.6605
1037.354
932.0722
920.6145
831.8618
904.0258
715.1907
936.3875
836.8716
909.509
886.9786
876.3678
984.5318
899.9832
756.3162
875.8067
728.4967
853.6566
749.3188
777.7563
1094.245
754.0165
914.6863
728.644
797.9313
965.3114
830.0422
857.4382
682.6687
985.7658
914.9763
722.636
904.2716
675.3565
773.0413
693.3431
946.3148
1104.2
770.8079
731.4108
700.2114
673.3281
713.7325
828.9388
963.6655
949.3734
805.0188
703.5399
824.9936
882.4608
855.217
807.2426
700.623
681.8604
660.5873
677.8022
826.969
643.4858
730.6374
865.8301
805.6266
893.4802
613.1074
1128.959
768.9161
569.9388
827.1049
615.0116
761.4718
708.6408
655.5341
650.2666
703.8009
981.8606
611.9982
839.2618
799.6383
577.7459
786.6813
765.959
718.3006
812.1678
570.218
455.9154
690.0978
855.9334
756.0075
789.4716
1053.08
985.5576
906.6737
957.5361
801.751
733.4317
826.8632
733.1382
816.505
676.3672
685.9999
801.5159
696.842
723.931
703.9533
728.926
804.12
806.2213
872.3519
665.9043
764.203
752.2951
861.4075
619.2579
919.6217
710.6589
560.9428
620.6062
652.6394
774.3929
739.3992
735.7937
819.3332
704.538
817.2863
825.9689
1081.125
667.4307
570.3125
755.4079
936.9374
793.6638
610.5966
691.1707
728.8042
678.823
816.408
793.5088
704.0835
747.0882
853.5971
708.0809
800.7623
857.3595
617.9386
922.1961
747.6091
642.4059
830.8856
753.4722
840.5847
820.9228
866.311
861.0968
655.8413
807.8317
852.4155
712.18
903.8194
842.6648
1005.144
763.9864
815.1616
738.0464
835.592
769.6237
846.0238
1063.553
807.8484
1057.851
921.4589
862.9675
772.345
840.8465
775.7678
847.6225
818.7053
799.6388
867.9292
687.4181
789.0573
701.3831
783.3498
821.2192
915.3691
893.7711
780.5713
834.245
769.0093
913.1397
829.5589
1043.339
741.3662
822.7441
759.7627
1033.018
850.0802
1026.403
881.3466
942.0375
830.9846
874.8805
637.0331
619.947
772.7428
1074.805
813.6983
828.645
1012.295
853.9013
842.8327
920.3089
1079.988
843.7001
803.806
935.874
922.7963
817.3491
922.1027
828.349
893.3856
905.994
742.3228
791.303
641.1389
727.762
842.1266
743.9614
868.1717
751.3235
879.1975
980.8713
952.4367
873.9215
751.3909
643.1459
753.1688
737.6774
847.9373
883.647
694.4733
770.1367
754.6639
837.2199
739.7411
758.8688
809.5621
870.0305
847.7161
791.401
779.5667
781.8462
670.0798
742.2862
801.8576
965.1896
887.8546
881.4432
718.4011
768.4348
795.4406
770.0632
628.5812
628.7171
799.5405
812.9592
801.3537
624.0336
554.4996
843.8428
792.3606
887.8837
1055.698
833.3501
912.3315
759.8697
985.2821
831.6438
748.3716
705.5015
797.1494
790.1552
809.6684
707.9772
791.2484
782.5221
972.5566
758.4873
823.8233
860.601
853.9109
799.3623
671.1093
700.2536
684.8284
776.5254
764.7339
754.397
750.4545
1100.564
923.3687
809.9927
930.1303
694.9702
788.4722
750.3569
985.7348
764.7897
999.5593
561.8435
594.2519
655.5425
707.529
709.5221
741.3029
777.6076
974.723
743.9283
800.9894
914.1693
887.1042
614.082
713.2304
1098
732.6971
796.1806
853.5561
787.1581
700.0438
800.4773
830.2206
803.5127
637.9987
874.4218
733.2397
957.6252
844.4579
679.9459
829.8172
759.1093
889.6426
789.0109
717.6041
904.0595
700.6332
994.7502
748.8028
772.7425
853.4908
907.1188
992.7805
885.7377
1014.433
746.9191
1058.907
826.9627
752.577
876.0741
801.7041
856.2225
691.2119
616.6631
1088.032
842.3369
720.9106
682.3798
666.8698
1053.952
712.4411
829.5281
751.7942
690.8964
710.7737
775.1833
879.292
917.6437
597.0941
611.9251
696.7631
691.7201
923.6685
699.0056
694.1351
658.9239
699.6275
857.8145
844.4388
742.4149
848.7427
601.9183
696.3622
603.9063
577.4334
789.6209
812.324
733.4413
755.2416
692.3221
782.4575
647.0971
802.2432
733.1243
695.5095
659.3643
1000.551
825.8102
749.3321
961.0324
703.9532
741.9803
1087.391
807.1918
825.4856
671.2608
944.3107
947.0826
726.6331
789.3224
843.0408
758.35
1028.083
881.9369
803.5585
736.9394
1173.848
979.5232
718.1048
785.4374
818.4063
1027.099
836.8448
811.8918
771.1663
683.898
812.053
798.8454
677.382
908.7073
943.1601
985.1154
782.2706
796.2065
803.2733
873.514
853.5632
782.7267
643.9331
915.2589
933.8088
788.1472
750.9264
805.9811
795.2152
868.1741
818.1338
833.5374
710.7425
714.3668
654.8397
736.0784
729.5683
719.4366
913.2372
917.6179
846.1302
867.0327
991.3332
1190.172
725.941
1085.112
789.5728
914.1125
765.5044
962.9086
857.1723
993.3756
744.1743
879.6432
907.2177
1029.225
890.4226
789.6295
663.1209
782.3335
1214.545
806.5335
762.2231
773.3373
774.9597
794.4297
823.2037
888.7095
831.8917
1082.541
787.6683
721.8489
948.838
772.409
746.3235
639.1614
711.7458
564.0821
665.6195
833.1018
871.6619
870.0572
936.0078
853.9613
734.4629
748.4056
783.49
720.2578
890.0693
950.4929
679.114
715.7917
922.5914
803.58
703.1172
579.3392
753.1019
727.7274
707.0923
595.1852
583.5061
665.4731
727.1671
668.1309
575.3033
574.9141
708.6435
859.55
513.8266
633.9012
620.7657
739.8385
684.2051
623.521
641.6881
583.8005
506.1621
663.682
682.3619
782.0098
593.7864
563.0106
679.3144
628.5217
687.258
797.2988
654.3508
538.2183
700.2807
728.492
788.9818
792.6771
585.7385
568.5151
592.5529
520.0294
510.1424
537.9988
492.0811
672.9438
534.204
600.4291
601.6846
752.5508
557.959
666.3686
818.0465
647.3069
663.0529
714.3168
705.1299
894.9018
607.1855
632.149
737.1503
629.7884
810.1355
764.6884
784.662
735.1121
725.9686
913.0228
905.572
713.3376
686.3314
864.0694
779.7666
546.5258
807.2401
741.5426
627.4558
681.4529
515.6746
774.1232
658.4074
695.6689
631.7036
687.7157
636.6534
673.623
694.9726
616.6823
680.0685
699.964
621.557
710.4317
661.1829
569.1299
714.1736
761.3649
594.1282
703.7262
798.9547
678.1957
773.658
930.1301
707.4407
629.9876
468.3981
536.842
636.1266
574.0078
572.8571
512.6829
623.1247
664.5673
765.3713
766.0185
776.9658
844.7604
564.799
791.6923
994.4207
805.2336
765.9486
782.4546
684.5275
609.6841
653.6744
640.4745
788.1999
835.4763
728.7918
652.8378
745.2662
928.8236
808.6928
741.8193
670.8115
482.2065
605.7272
651.299
673.0901
777.5545
735.1446
629.5266
631.2813
965.0044
790.1405
841.131
625.7804
712.4732
868.3927
757.522
637.5626
893.3773
560.2039
748.9174
836.0584
841.1154
617.3334
543.1736
601.3853
726.7602
558.4166
633.5044
768.0974
664.9809
546.836
638.3635
849.9107
652.2227
766.7123
656.6952
649.1448
786.5251
732.0876
485.5789
767.1431
953.2573
863.4762
850.417
898.3409
842.851
1086.309
896.9411
770.3132
663.292
927.0669
942.2428
916.9043
689.5592
948.5857
926.3236
919.1165
948.7387
1118.329
849.7026
849.9408
1065.921
814.5618
871.8477
884.1674
955.3732
1077.878
978.4413
703.5858
972.8424
970.962
879.0704
817.3303
1027.978
688.9689
786.9863
620.7266
957.5874
838.1936
702.9413
868.6128
809.7741
589.3282
676.5393
776.3179
689.6153
849.8083
923.5096
825.1423
704.6168
752.9352
1009.69
773.4152
731.1948
810.2732
776.6411
685.7416
654.5703
775.9885
836.24
947.3229
634.4523
701.6412
758.5159
726.6196
831.6027
634.3164
855.3768
748.9038
758.9438
668.82
682.2469
775.4586
705.21
635.0711
659.0086
780.0355
852.3709
773.9112
844.1479
642.8851
499.141
618.2418
919.3643
692.0199
774.1551
700.2746
714.9393
536.7019
569.2567
808.6945
604.4596
634.9691
855.0085
725.7085
891.5924
957.1597
877.536
815.2964
718.5601
704.4764
848.4984
805.5931
685.9042
649.6209
685.921
806.1796
664.9487
768.7689
679.7173
693.3636
696.7711
772.5896
771.7447
879.8669
864.3519
727.0925
903.4546
688.9391
1103.078
888.4974
768.1096
1138.609
1115.078
1085.302
922.4272
878.7581
930.7673
728.5975
891.7259
889.4329
787.4969
861.266
962.3453
708.8172
791.0439
723.1708
750.6615
598.1706
748.5258
709.2986
720.4478
533.2952
704.2831
574.9149
551.5511
618.9297
654.7469
902.0449
832.4138
681.0263
809.1571
818.3502
719.9564
744.0529
671.6654
631.2765
681.9382
517.3892
759.1877
845.8947
765.0526
713.0508
1006.223
745.2088
761.1339
724.4182
1004.092
692.1366
711.6556
732.0762
889.6513
822.9836
775.2097
686.1092
671.5397
862.4511
656.737
683.055
673.0892
964.0815
606.9834
503.9275
634.5697
859.5826
716.6405
849.9437
691.4447
801.9026
645.0288
534.264
544.5374
580.3115
606.3786
696.2962
575.069
564.6745
682.0615
633.0053
628.8297
599.795
543.5582
466.2026
606.2733
621.6583
655.0421
618.937
660.9108
750.8187
687.1168
694.116
706.3548
724.6445
624.0352
707.336
598.2387
734.6975
587.9876
687.7583
611.8888
571.5539
651.2115
641.8861
673.3519
494.6395
648.0282
681.6575
604.6851
658.3403
529.7113
591.6906
559.4763
458.4554
498.7012
655.5664
575.3144
636.2754
657.1917
543.9044
477.7228
662.1961
666.9428
657.9609
506.2164
716.7717
613.3538
811.1606
546.3681
953.8642
726.491
652.0748
730.4283
647.1167
616.1028
753.4008
689.4446
827.8954
687.4641
751.5127
668.2423
765.3738
742.1771
553.2076
585.8567
556.966
685.412
846.6233
793.183
811.6846
636.7039
619.9247
582.6781
658.8079
657.3283
699.0097
754.1413
626.6599
451.6557
598.9118
553.315
653.4179
798.296
748.6918
574.2105
712.3967
729.7268
757.3723
588.1376
654.5687
629.5035
762.4961
694.75
706.0749
851.7813
576.8366
769.7871
690.8886
766.5299
811.1594
787.7192
894.1661
586.8045
693.2067
785.2812
869.4119
907.1416
723.948
652.7845
639.7541
701.8566
944.3921
680.4766
688.1649
723.2882
835.3994
632.8295
590.4825
605.4866
819.8195
1009.384
712.8318
744.6403
755.2391
763.5765
715.9114
725.4559
857.3245
672.8907
866.1741
921.5504
794.4577
966.5105
674.8287
883.0881
815.4788
833.57
853.3493
653.3075
715.2713
638.1618
773.3939
978.7359
736.3587
939.8846
745.2944
628.8996
832.7295
814.3251
736.5736
811.9655
902.1022
977.335
891.9476
848.2965
813.8386
771.1352
584.5382
805.7451
1006.183
659.7953
731.7083
963.109
1001.274
596.9006
786.117
986.2409
615.7218
694.0454
608.6929
787.291
720.2018
668.7636
701.1966
750.4333
559.1344
623.5778
644.665
841.6982
613.3603
804.4277
930.5965
527.4703
739.7702
743.7171
610.7238
661.7585
563.6213
670.4696
816.6767
548.3097
471.5219
559.6881
673.6797
814.5795
704.2885
767.1653
710.9373
851.396
826.145
623.6223
698.7535
868.1549
706.0623
647.7744
667.8071
749.9765
572.4059
690.831
762.9948
646.3323
585.9783
710.6431
593.1224
723.5523
479.2567
565.6163
535.5529
678.9937
473.8804
672.5987
552.3289
568.8392
571.5225
534.3896
689.7487
736.385
607.7157
549.9163
633.5714
943.9341
760.7591
657.9943
626.9495
761.8904
667.6872
602.2963
714.7079
670.904
738.0439
608.9687
693.4364
717.6175
435.2954
534.7303
584.2871
771.2193
662.0589
853.3165
829.5745
635.1219
898.3991
661.9958
798.8826
803.7267
786.3402
646.0732
611.4932
636.4572
774.0495
754.9025
812.126
735.0392
851.0052
891.5862
800.3473
832.255
818.0148
677.7589
692.0812
621.1973
722.5037
820.5704
905.3819
691.9614
653.5348
843.0812
736.7623
792.8108
827.9129
797.8139
976.378
968.1871
782.4556
755.2717
784.1697
985.7748
860.6923
1098.71
898.9787
889.3878
937.1459
901.4085
828.4753
964.0633
779.1029
938.7314
931.7324
997.0975
1120.886
1127.564
1000.18
738.9611
808.4541
1064.39
802.0243
1226.028
859.9036
780.4254
955.1811
968.7116
1084.34
906.6115
763.9566
740.6769
987.8851
801.5122
882.6277
755.6284
888.9496
902.5553
776.401
773.8256
791.6747
835.0755
897.0832
724.535
1005.789
846.327
916.3215
764.6124
908.257
839.7015
818.3568
886.0623
930.8444
935.3213
905.4739
766.9454
870.3563
823.9683
904.9743
738.8312
673.0504
1035.259
698.7223
994.0408
838.52
817.3773
712.4448
898.0945
648.2296
639.4256
759.0077
922.8255
772.8052
752.7781
734.6254
647.4658
730.3546
666.8694
902.7546
622.9095
678.946
941.6653
843.7811
845.4448
779.8187
804.2881
1020.011
816.8526
835.2155
735.5978
736.7121
763.487
601.9329
675.5373
539.3485
917.1356
726.2822
860.6622
702.8608
865.4593
642.7293
731.8994
769.7364
824.3451
686.6368
746.7372
813.7121
657.4755
849.2988
744.0984
895.8612
940.4919
653.5115
1033.278
805.3554
751.0194
807.4374
724.6748
1037.905
951.1612
641.0361
1038.632
648.2322
601.6672
725.9347
798.1933
957.4595
818.7128
916.0828
882.8542
792.0123
847.8666
728.9821
631.5339
879.1272
889.7821
550.2885
672.677
669.8622
768.8835
720.0451
813.1826
776.8219
746.2532
744.6503
701.9708
898.3471
1113.874
1000.032
606.7673
671.9547
648.345
638.2448
776.2452
795.1178
703.0028
688.0061
773.552
809.1168
833.4319
978.7667
807.22
900.2368
721.0367
793.1508
902.7102
860.6827
645.3561
770.0927
808.4472
810.4744
795.3319
755.6373
850.3867
805.2287
848.1698
856.4773
893.2079
856.2837
854.132
690.2808
1068.526
893.6647
931.6394
668.0131
984.1909
811.2234
784.1989
810.0619
917.4707
872.7783
952.8633
843.9078
853.6055
870.5614
935.1939
815.4482
922.0032
845.0543
868.5618
1091.331
865.8199
816.8688
929.0756
714.0887
684.2043
984.0432
661.4703
588.8901
879.1206
700.3527
851.2223
850.0766
617.5554
746.9896
786.6475
985.3961
667.0058
794.4701
663.1746
622.7549
796.6446
828.7181
760.9265
652.3832
778.672
700.145
711.0419
705.4433
736.6295
592.8195
627.6471
700.5501
1052.581
685.7204
772.9999
531.3834
649.4567
523.7572
859.3917
762.6247
633.5094
928.1505
708.3108
822.9726
760.872
667.3845
743.5278
629.4114
769.1365
785.1981
922.9517
663.1538
749.1852
1088.613
785.1616
848.3578
804.4365
711.286
719.9744
767.5297
873.7202
686.8917
953.6797
813.9864
828.2812
1130.026
803.2422
799.6724
725.5685
912.2802
962.8388
802.2181
836.5002
806.9883
1076.117
713.1636
827.6734
740.0917
717.877
982.6202
794.4636
793.8988
817.9432
708.3181
1104.002
1014.079
860.3039
655.0999
775.3396
819.058
919.9597
919.706
756.9155
726.7392
767.7155
785.0582
897.7042
1023.258
774.3546
714.8178
704.5398
768.8079
969.65
928.2792
693.4141
842.7419
890.1175
801.9676
868.1375
986.2889
844.024
900.1702
1014.969
961.1058
971.5435
823.4522
862.428
854.429
849.8963
746.3115
747.6282
957.8313
920.8245
883.489
961.0233
834.0686
753.0911
733.5434
760.1709
873.1043
775.3595
660.6346
678.4862
645.21
741.0944
925.5732
624.5178
616.8539
692.4545
823.8502
915.7689
864.7924
515.8373
740.0991
652.9598
794.5811
714.9942
770.2401
701.8893
696.8612
827.3285
684.672
882.3438
829.1462
771.9522
847.4814
828.0725
880.6121
771.1894
769.0821
1031.274
875.54
898.9285
824.3961
879.7032
867.0882
1028.275
813.8595
860.4629
789.8301
888.323
822.0894
881.3077
826.1195
894.8213
786.3839
854.6069
1063.341
1083.908
896.0699
896.7388
934.203
959.1829
923.6197
925.8058
756.5639
668.1139
849.5954
789.6104
820.3882
828.4927
942.1911
1034.45
839.396
972.9264
960.0201
926.7754
1140.047
987.0301
1216.64
962.5266
1241.518
955.4842
1003.537
931.1508
914.811
1102.403
938.7767
952.7242
806.0107
957.11
993.7788
1020.389
808.3572
1013.788
856.523
910.5354
971.5973
915.2816
988.8603
833.3264
846.3482
1023.05
1018.105
1026.268
790.4037
854.3771
810.6001
880.6559
963.2924
1094.484
951.5672
1036.854
1135.812
1028.805
1061.16
757.2456
774.1154
757.7267
760.334
1035.399
1073.116
797.7451
935.8697
810.5192
1047.65
1025.673
869.9687
1032.995
891.0277
793.5464
983.7859
1084.787
776.5634
881.2344
865.4893
941.2574
821.5572
691.6474
869.7805
957.9053
821.5224
830.4544
793.722
769.6425
702.7938
745.0684
753.4806
895.6005
865.8444
804.885
679.8978
729.8106
730.7302
844.7426
820.6477
1018.901
739.0659
703.4367
963.9761
691.8733
990.1552
800.0111
865.1994
901.4147
841.114
883.0573
878.3393
907.2834
961.9859
864.7562
721.9055
999.844
785.8269
990.8711
967.2063
742.825
571.6499
766.6688
921.594
866.1855
645.7553
875.232
815.165
918.8163
1184.563
903.3339
843.6891
980.1705
809.6989
614.7333
996.1642
792.1804
863.6557
940.1356
929.0324
838.5155
996.032
945.9291
796.4187
965.7072
918.4737
806.9565
1078.716
971.7352
794.8272
822.501
874.5172
952.3552
890.2793
924.2936
893.9653
720.7406
860.8153
641.7382
807.5773
692.1864
779.1128
721.4474
797.2249
655.2022
698.8325
878.2997
928.1716
944.0043
1086.166
924.0008
916.2661
1092.94
952.1659
751.9238
1069.135
904.9197
687.0942
881.6592
877.068
873.6291
976.0903
903.4466
813.3273
730.0665
973.1406
935.1339
918.1954
959.9566
901.734
1145.606
999.5936
775.3411
877.6204
961.934
877.3337
901.283
749.6803
763.6824
825.2353
1023.644
821.9566
859.7914
819.3456
923.9345
832.7208
974.6704
855.5432
670.1119
846.5798
776.2585
754.8648
1061.418
850.3578
762.4809
1029.305
868.7808
890.6847
988.8947
822.3944
1145.836
1028.377
889.0637
772.5183
870.969
797.1622
946.1529
800.9716
851.102
807.5093
772.9437
815.2913
917.0647
940.6842
950.9097
1007.689
728.5456
945.7462
827.764
730.0896
851.6752
876.2226
949.2822
825.593
1065.07
876.5251
972.6899
703.4286
921.9586
774.7318
806.4943
1137.386
935.3134
973.8893
776.1645
669.9736
784.665
972.1522
912.5122
1191.262
663.01
658.4804
927.9067
665.1242
550.1148
694.1613
699.1515
766.9988
771.0079
886.2759
648.1388
902.6813
798.3868
725.2514
695.3654
969.8525
1016.614
1268.173
898.8764
956.4133
851.7827
844.2041
947.0537
867.078
937.9139
1041.891
741.5038
827.686
709.0716
790.7399
703.9122
822.3894
692.4473
942.9953
1005.467
729.545
896.4377
1012.599
832.143
755.192
903.639
814.193
747.992
853.531
896.7682
761.1847
547.4714
745.9763
617.9624
719.0298
599.2688
723.8735
861.4688
604.61
712.1435
744.8976
961.9471
631.5665
665.1249
616.399
749.1112
856.4093
693.2371
842.3557
904.5325
836.1742
871.8917
827.2003
712.7974
803.3447
854.9227
834.6617
780.2309
928.4553
651.129
910.9042
889.9631
990.6058
777.2613
830.3848
733.2035
889.4171
868.9788
814.5882
839.3274
862.4364
920.9045
969.7092
661.5764
1035.445
946.7965
855.2865
1118.894
963.1195
1179.723
1088.67
706.7025
900.8438
1009.253
1159.301
1097.089
801.1708
942.2308
1063.147
972.6847
901.5455
958.5157
1048.37
838.8806
717.3709
785.8653
943.2816
738.8758
906.7553
1035.647
748.1292
837.2404
810.2974
905.2947
1067.906
886.4274
981.3803
861.8235
909.0951
882.0858
768.308
832.5011
736.3724
899.4114
790.9354
1038.934
886.0001
826.2141
979.4087
950.6773
952.7447
806.9452
1166.062
925.8688
919.5542
962.9237
909.0116
893.1775
851.6933
909.9378
892.8324
790.2587
926.8108
858.2491
939.0206
1064.404
837.3743
924.7814
1037.082
1011.698
947.2965
754.2395
882.8443
1215.403
1004.232
927.935
1136.679
1122.459
1138.75
1072.776
1065.183
825.6649
705.5317
869.5597
875.4181
993.9696
1031.874
978.3457
975.9824
851.1353
1202.044
1101.334
989.6624
1079.739
871.1649
836.3365
780.6092
733.2546
739.0253
807.3412
693.0905
802.5718
963.9244
962.1616
890.4193
749.2944
605.4652
862.0953
890.9758
1090.715
1014.738
742.5744
897.1505
858.6475
753.2424
752.9004
679.7844
736.6865
727.2352
683.8047
848.6514
834.0485
686.3854
782.4955
788.9957
1189.939
